 <pre>
 
 Contingency table for Rh2m (%)
 Selection: ALL   1027 stations
Period: 20190701-20190729
Used {03} + 00 01 02 03
 Limits    30.00000       50.00000       65.00000       75.00000    
   85.00000       95.00000       100.0000    
 Each class is data <= limit, the very last > last limit
 Total number of values      115090
                                              OBSERVATION
                                      0        0        0        0        0        0        0        0 |         0
                                      0      176      364       67       22        3        1        0 |       633
                                      4      353     3939     3275     1062      321       54        0 |      9008
                  iobs_0km_ref        3      160     2622     7863     6877     2101      397        0 |     20023
                                      1       63     1027     4798    13632    10283     1938        0 |     31742
                                      0       17      230     1252     6330    19411     8797        0 |     36037
                                      0        2       34      206     1134     5793     9567        0 |     16736
                                      0        0        1        9       46      192      663        0 |       911
 
                    SUM               8      771     8217    17470    29103    38104    21417        0 |    115090
                                              OBSERVATION
                                      0        0        0        0        0        0        0        0 |         0
                                      0      176      385       80       22        4        1        0 |       668
                                      4      357     3934     3304     1012      310       56        0 |      8977
             iobs_0km_sigmao80        3      156     2593     7769     6782     2091      372        0 |     19766
                                      1       61     1029     4831    13654    10130     1913        0 |     31619
                                      0       16      245     1300     6511    19587     8639        0 |     36298
                                      0        5       29      183     1087     5792     9749        0 |     16845
                                      0        0        2        3       35      190      687        0 |       917
 
                    SUM               8      771     8217    17470    29103    38104    21417        0 |    115090
                                              OBSERVATION
                                      0        0        0        0        0        0        0        0 |         0
                                      0      168      373       85       20        5        1        0 |       652
                                      4      362     3944     3312     1018      314       54        0 |      9008
            iobs_0km_sigmao120        2      159     2634     7808     6794     2054      380        0 |     19831
                                      2       61     1005     4783    13648    10304     1892        0 |     31695
                                      0       17      230     1313     6509    19521     8714        0 |     36304
                                      0        4       27      165     1066     5724     9684        0 |     16670
                                      0        0        4        4       48      182      692        0 |       930
 
                    SUM               8      771     8217    17470    29103    38104    21417        0 |    115090
 
