 <pre>
 
 Contingency table for Rh2m (%)
 Selection: Sweden    174 stations
Period: 20190701-20190729
Used {06} + 00 01 ... 24
 Limits    30.00000       50.00000       65.00000       75.00000    
   85.00000       95.00000       100.0000    
 Each class is data <= limit, the very last > last limit
 Total number of values      120691
                                              OBSERVATION
                                     58      174        9        0        0        0        0        0 |       241
                                    585     9395     3875      484      138       65       17        0 |     14559
                                    118     4584    12065     5234     1788      696      168        0 |     24653
                  iobs_0km_ref        5      731     4859     7345     5336     2210      562        0 |     21048
                                      2      240     1887     5219     9023     6162     1801        0 |     24334
                                      0      111      778     2162     5865     9586     4838        0 |     23340
                                      0       21      200      557     1926     3713     5376        0 |     11793
                                      0        0        6       11       80      210      416        0 |       723
 
                    SUM             768    15256    23679    21012    24156    22642    13178        0 |    120691
                                              OBSERVATION
                                     77      194        6        0        0        0        0        0 |       277
                                    590     9508     3950      470      165       71       17        0 |     14771
                                     91     4552    12076     5266     1841      749      184        0 |     24759
             iobs_0km_sigmao80        5      666     4940     7413     5175     2196      526        0 |     20921
                                      3      216     1816     5150     9042     6045     1825        0 |     24097
                                      1      103      727     2198     5965     9541     4946        0 |     23481
                                      1       17      159      509     1907     3827     5274        0 |     11694
                                      0        0        5        6       61      213      406        0 |       691
 
                    SUM             768    15256    23679    21012    24156    22642    13178        0 |    120691
                                              OBSERVATION
                                     64      186        8        0        0        1        0        0 |       259
                                    601     9523     3968      475      160       75       16        0 |     14818
                                     95     4556    12042     5263     1842      747      171        0 |     24716
            iobs_0km_sigmao120        4      668     4917     7403     5261     2242      588        0 |     21083
                                      2      202     1809     5229     8999     5974     1832        0 |     24047
                                      1      108      779     2119     5945     9494     4895        0 |     23341
                                      1       13      151      512     1883     3902     5266        0 |     11728
                                      0        0        5       11       66      207      410        0 |       699
 
                    SUM             768    15256    23679    21012    24156    22642    13178        0 |    120691
 
