 <pre>
 
 Contingency table for Cloud cover (octas)
 Selection: ALL    591 stations
Period: 20190701-20190729
Used {03} + 00 01 02 03
 Limits   0.5000000       1.500000       2.500000       3.500000    
   4.500000       5.500000       6.500000       7.500000    
 Each class is data <= limit, the very last > last limit
 Total number of values       62437
                                                       OBSERVATION
                                   8874     1739     1254      748      443      469      561      858      893 |     15839
                                   1070      265      219      214      129      207      260      460      475 |      3299
                                    587      147      142      147       71      134      183      314      354 |      2079
                                    411      126      120       84       75      113      141      244      310 |      1624
                  iobs_0km_ref      413      113      116       99       63      109      155      289      329 |      1686
                                    425      132      125      104       69      107      166      295      363 |      1786
                                    521      157      128      143       92      152      198      414      515 |      2320
                                    745      209      206      197      141      244      358      716      890 |      3706
                                   1846      608      680      667      539      994     1925     7477    15362 |     30098
 
                    SUM           14892     3496     2990     2403     1622     2529     3947    11067    19491 |     62437
                                                       OBSERVATION
                                   8894     1737     1239      725      442      488      578      835      902 |     15840
                                   1064      272      252      213      139      220      256      449      493 |      3358
                                    579      168      167      133       81      129      175      322      361 |      2115
                                    449      115      108       99       75      117      166      271      292 |      1692
             iobs_0km_sigmao80      399      110       94      108       79      101      158      283      290 |      1622
                                    419      112      111      107       69      105      152      286      381 |      1742
                                    539      148      147      129       81      128      203      398      502 |      2275
                                    767      205      219      209      146      258      355      700      906 |      3765
                                   1782      629      653      680      510      983     1904     7523    15364 |     30028
 
                    SUM           14892     3496     2990     2403     1622     2529     3947    11067    19491 |     62437
                                                       OBSERVATION
                                   8896     1753     1224      739      424      487      574      834      893 |     15824
                                   1060      275      254      218      145      200      259      465      485 |      3361
                                    573      163      158      126      101      131      172      292      369 |      2085
                                    449      113      122       91       71      110      156      271      308 |      1691
            iobs_0km_sigmao120      418      111      101      107       63       97      169      306      307 |      1679
                                    419      108       93      110       71      104      168      302      328 |      1703
                                    535      178      147      136       85      153      198      403      466 |      2301
                                    761      201      212      210      137      232      357      729      940 |      3779
                                   1781      594      679      666      525     1015     1894     7465    15395 |     30014
 
                    SUM           14892     3496     2990     2403     1622     2529     3947    11067    19491 |     62437
 
