 <pre>
 
 Contingency table for Rh2m (%)
 Selection: Finland    130 stations
Period: 20190701-20190729
Used {00,03,...,21} + 00 01 ... 24
 Limits    30.00000       50.00000       65.00000       75.00000    
   85.00000       95.00000       100.0000    
 Each class is data <= limit, the very last > last limit
 Total number of values      424580
                                              OBSERVATION
                                    214      942        8        0        0        0        0        0 |      1164
                                   1382    39384    14957     1678      514      117       29        0 |     58061
                                    192    14666    41025    21134     7185     2594      673        0 |     87469
                  iobs_0km_ref       26     2457    15072    25361    20306     7731     2187        0 |     73140
                                      1      718     5538    15175    31945    23728     6999        0 |     84104
                                      1      220     1948     4746    16450    35218    20529        0 |     79112
                                      0       15      391     1001     3104    12209    21561        0 |     38281
                                      0        0       23       95      334      817     1980        0 |      3249
 
                    SUM            1816    58402    78962    69190    79838    82414    53958        0 |    424580
                                              OBSERVATION
                                    201     1154       16        3        0        0        0        0 |      1374
                                   1400    39019    14847     1813      582      159       24        0 |     57844
                                    197    14716    40712    20914     7306     2720      701        0 |     87266
             iobs_0km_sigmao80       15     2502    15385    25115    19979     7773     2242        0 |     73011
                                      2      738     5621    15361    31557    23314     7030        0 |     83623
                                      1      248     1947     4964    16987    35122    19683        0 |     78952
                                      0       22      405      939     3142    12481    22077        0 |     39066
                                      0        3       29       81      285      845     2201        0 |      3444
 
                    SUM            1816    58402    78962    69190    79838    82414    53958        0 |    424580
                                              OBSERVATION
                                    174     1102        9        0        0        0        0        0 |      1285
                                   1401    38867    14991     1847      605      136       28        0 |     57875
                                    212    14839    40488    20669     7017     2662      669        0 |     86556
            iobs_0km_sigmao120       23     2512    15379    25090    19984     7673     2237        0 |     72898
                                      4      806     5671    15370    31645    23269     7058        0 |     83823
                                      2      249     1969     5103    17011    35042    19998        0 |     79374
                                      0       23      408      994     3170    12774    21958        0 |     39327
                                      0        4       47      117      406      858     2010        0 |      3442
 
                    SUM            1816    58402    78962    69190    79838    82414    53958        0 |    424580
 
