 <pre>
 
 Contingency table for Cloud cover (octas)
 Selection: ALL    591 stations
Period: 20190701-20190729
Used {15} + 00 01 02 03
 Limits   0.5000000       1.500000       2.500000       3.500000    
   4.500000       5.500000       6.500000       7.500000    
 Each class is data <= limit, the very last > last limit
 Total number of values       63166
                                                       OBSERVATION
                                   6992     1975     1694     1219      782      951     1104     1151      790 |     16658
                                    758      346      341      390      263      378      543      724      519 |      4262
                                    456      188      185      207      146      249      325      510      340 |      2606
                                    352      168      139      144      110      174      271      418      345 |      2121
                  iobs_0km_ref      322      129      132      147      123      173      263      463      343 |      2095
                                    368      129      115      167      113      194      304      517      399 |      2306
                                    397      178      164      171      175      230      359      644      508 |      2826
                                    612      233      247      277      186      359      542     1123      907 |      4486
                                   1267      715      573      789      624     1269     2483     7763    10323 |     25806
 
                    SUM           11524     4061     3590     3511     2522     3977     6194    13313    14474 |     63166
                                                       OBSERVATION
                                   6976     2024     1726     1267      802      982     1115     1227      873 |     16992
                                    766      313      342      377      254      376      525      739      506 |      4198
                                    437      171      193      209      156      214      336      492      358 |      2566
                                    369      158      138      159      107      191      288      434      350 |      2194
             iobs_0km_sigmao80      371      141      117      124      130      164      290      465      305 |      2107
                                    337      143      140      148      111      194      293      480      359 |      2205
                                    429      167      153      158      132      245      318      667      476 |      2745
                                    628      237      213      252      203      354      559     1089      917 |      4452
                                   1211      707      568      817      627     1257     2470     7720    10330 |     25707
 
                    SUM           11524     4061     3590     3511     2522     3977     6194    13313    14474 |     63166
                                                       OBSERVATION
                                   6916     1998     1736     1240      759      976     1099     1211      813 |     16748
                                    779      324      328      352      283      372      526      696      525 |      4185
                                    448      200      181      221      149      227      377      494      361 |      2658
                                    372      152      132      164      117      187      275      422      332 |      2153
            iobs_0km_sigmao120      335      129      124      149      113      148      268      431      334 |      2031
                                    341      132      142      152      121      157      311      516      374 |      2246
                                    392      157      150      164      141      252      343      667      491 |      2757
                                    634      243      236      271      189      378      567     1140      887 |      4545
                                   1307      726      561      798      650     1280     2428     7736    10357 |     25843
 
                    SUM           11524     4061     3590     3511     2522     3977     6194    13313    14474 |     63166
 
