 <pre>
 
 Contingency table for Cloud cover (octas)
 Selection: Finland     68 stations
Period: 20190701-20190729
Used {06} + 00 01 ... 24
 Limits   0.5000000       1.500000       2.500000       3.500000    
   4.500000       5.500000       6.500000       7.500000    
 Each class is data <= limit, the very last > last limit
 Total number of values       48739
                                                       OBSERVATION
                                   9919     1250      308      399      178      307      140      611      236 |     13348
                                   1199      302       80      153       58      132       59      363      163 |      2509
                                    690      176       50      110       34       88       51      246      118 |      1563
                                    531      167       55       97       41       62       51      235       98 |      1337
                  iobs_0km_ref      509      139       41       99       41      102       38      264      113 |      1346
                                    559      185       47       95       51      102       46      339      141 |      1565
                                    630      213       56      128       63      152       60      411      203 |      1916
                                    984      289       80      190       92      209      117      786      412 |      3159
                                   2540     1129      374      780      438     1175      686     7064     7810 |     21996
 
                    SUM           17561     3850     1091     2051      996     2329     1248    10319     9294 |     48739
                                                       OBSERVATION
                                   9938     1269      307      406      165      294      144      599      252 |     13374
                                   1182      283       70      156       70      129       51      359      154 |      2454
                                    649      178       50      106       42       96       43      245      104 |      1513
                                    536      166       45       95       45       89       43      223      102 |      1344
             iobs_0km_sigmao80      510      165       41       94       42       98       42      278      107 |      1377
                                    519      153       61      105       49      107       58      292      157 |      1501
                                    653      197       57      120       51      136       66      423      189 |      1892
                                    990      295       91      191       93      220      109      808      425 |      3222
                                   2584     1144      369      778      439     1160      692     7092     7804 |     22062
 
                    SUM           17561     3850     1091     2051      996     2329     1248    10319     9294 |     48739
                                                       OBSERVATION
                                   9804     1304      288      399      178      302      147      617      235 |     13274
                                   1200      291       88      147       54      131       46      338      147 |      2442
                                    665      165       60      106       36       95       45      248      112 |      1532
                                    531      150       42       92       38       92       41      226      136 |      1348
            iobs_0km_sigmao120      547      163       51       80       38       79       46      259      117 |      1380
                                    535      148       55      100       56      116       52      296      138 |      1496
                                    657      198       51      132       56      132       88      432      180 |      1926
                                    980      305       86      204      101      216      110      806      407 |      3215
                                   2642     1126      370      791      439     1166      673     7097     7822 |     22126
 
                    SUM           17561     3850     1091     2051      996     2329     1248    10319     9294 |     48739
 
