 <pre>
 
 Contingency table for Rh2m (%)
 Selection: Sweden    174 stations
Period: 20190701-20190729
Used {03} + 00 01 02 03
 Limits    30.00000       50.00000       65.00000       75.00000    
   85.00000       95.00000       100.0000    
 Each class is data <= limit, the very last > last limit
 Total number of values       19460
                                              OBSERVATION
                                      0        0        0        0        0        0        0        0 |         0
                                      0        8       38        9        1        1        0        0 |        57
                                      1       62      664      468      111       16        4        0 |      1326
                  iobs_0km_ref        0       33      549     1409      956      229       39        0 |      3215
                                      0       15      234     1090     2368     1450      324        0 |      5481
                                      0        3       66      336     1370     2826     1514        0 |      6115
                                      0        0       15       63      411      906     1647        0 |      3042
                                      0        0        0        0       12       53      159        0 |       224
 
                    SUM               1      121     1566     3375     5229     5481     3687        0 |     19460
                                              OBSERVATION
                                      0        0        0        0        0        0        0        0 |         0
                                      0        4       38       23        4        1        0        0 |        70
                                      1       66      669      499      106       30        1        0 |      1372
             iobs_0km_sigmao80        0       35      557     1388      927      235       46        0 |      3188
                                      0       13      225     1078     2389     1444      333        0 |      5482
                                      0        1       66      333     1427     2790     1475        0 |      6092
                                      0        2       11       54      372      937     1675        0 |      3051
                                      0        0        0        0        4       44      157        0 |       205
 
                    SUM               1      121     1566     3375     5229     5481     3687        0 |     19460
                                              OBSERVATION
                                      0        0        0        0        0        0        0        0 |         0
                                      0        7       38       20        4        2        0        0 |        71
                                      1       67      673      492      112       34        1        0 |      1380
            iobs_0km_sigmao120        0       31      565     1410      934      217       49        0 |      3206
                                      0       13      219     1062     2354     1438      325        0 |      5411
                                      0        2       54      340     1456     2844     1506        0 |      6202
                                      0        1       16       50      363      910     1641        0 |      2981
                                      0        0        1        1        6       36      165        0 |       209
 
                    SUM               1      121     1566     3375     5229     5481     3687        0 |     19460
 
