 <pre>
 
 Contingency table for Rh2m (%)
 Selection: Sweden    174 stations
Period: 20190701-20190729
Used {00,03,...,21} + 00 01 ... 24
 Limits    30.00000       50.00000       65.00000       75.00000    
   85.00000       95.00000       100.0000    
 Each class is data <= limit, the very last > last limit
 Total number of values      558484
                                              OBSERVATION
                                    312      886       40        2        0        0        0        0 |      1240
                                   2807    45575    18636     2240      680      304       52        0 |     70294
                                    536    21950    55940    23748     8032     3096      676        0 |    113978
                  iobs_0km_ref       29     3437    21328    33076    24069     9580     2167        0 |     93686
                                     10     1117     8589    23498    41878    28339     7655        0 |    111086
                                      4      555     3603     9656    26935    45692    23602        0 |    110047
                                      0       76      874     2433     8646    17332    25417        0 |     54778
                                      0        0       20       41      354      989     1971        0 |      3375
 
                    SUM            3698    73596   109030    94694   110594   105332    61540        0 |    558484
                                              OBSERVATION
                                    433      988       47        4        0        1        0        0 |      1473
                                   2795    46353    19414     2400      830      383       64        0 |     72239
                                    432    21524    55412    23702     8119     3239      721        0 |    113149
             iobs_0km_sigmao80       18     3154    21770    33253    23959     9540     2223        0 |     93917
                                     11      998     8192    23489    41790    27854     7859        0 |    110193
                                      6      500     3447     9526    27013    45636    23500        0 |    109628
                                      3       79      735     2289     8607    17727    25213        0 |     54653
                                      0        0       13       31      276      952     1960        0 |      3232
 
                    SUM            3698    73596   109030    94694   110594   105332    61540        0 |    558484
                                              OBSERVATION
                                    366      934       51        4        0        2        0        0 |      1357
                                   2861    46464    19651     2432      791      366       65        0 |     72630
                                    431    21574    55195    23619     8189     3308      706        0 |    113022
            iobs_0km_sigmao120       25     3098    21880    33300    24048     9730     2318        0 |     94399
                                      6      969     8024    23503    41748    27854     7770        0 |    109874
                                      8      489     3513     9502    27062    45538    23706        0 |    109818
                                      1       68      700     2292     8489    17601    25014        0 |     54165
                                      0        0       16       42      267      933     1961        0 |      3219
 
                    SUM            3698    73596   109030    94694   110594   105332    61540        0 |    558484
 
