 <pre>
 
 Contingency table for Cloud cover (octas)
 Selection: Sweden    100 stations
Period: 20190701-20190729
Used {12} + 00 01 ... 24
 Limits   0.5000000       1.500000       2.500000       3.500000    
   4.500000       5.500000       6.500000       7.500000    
 Each class is data <= limit, the very last > last limit
 Total number of values       65507
                                                       OBSERVATION
                                  11209     1295      737      531      513      510      425      618     1594 |     17432
                                   1678      324      205      208      171      208      198      282      773 |      4047
                                    906      169      144      129      135      155      128      206      536 |      2508
                                    806      158      119      109      109      132       93      168      488 |      2182
                  iobs_0km_ref      817      149      116      124      103      117      124      193      479 |      2222
                                    820      174      116      122      128      123      128      236      598 |      2445
                                   1027      208      147      121      130      154      182      285      730 |      2984
                                   1635      323      183      213      206      228      265      506     1320 |      4879
                                   3803     1171      876      961      928     1137     1254     2772    13906 |     26808
 
                    SUM           22701     3971     2643     2518     2423     2764     2797     5266    20424 |     65507
                                                       OBSERVATION
                                  11359     1271      728      520      517      499      414      569     1610 |     17487
                                   1623      321      194      181      188      213      163      298      808 |      3989
                                    972      188      124      142      117      132      126      217      528 |      2546
                                    780      176      132      119       92      102      109      200      491 |      2201
             iobs_0km_sigmao80      750      145      141      133      110      139      122      221      520 |      2281
                                    800      197      126      104      100      141      160      199      493 |      2320
                                   1047      206      146      154      136      152      165      301      778 |      3085
                                   1597      330      225      213      243      240      267      483     1259 |      4857
                                   3773     1137      827      952      920     1146     1271     2778    13937 |     26741
 
                    SUM           22701     3971     2643     2518     2423     2764     2797     5266    20424 |     65507
                                                       OBSERVATION
                                  11150     1278      719      515      505      491      395      586     1585 |     17224
                                   1632      312      230      212      175      209      191      282      766 |      4009
                                    950      183      123      102      119      127      127      208      563 |      2502
                                    821      175      116      111      108      134      124      210      477 |      2276
            iobs_0km_sigmao120      770      159      120      109      104      126      126      199      568 |      2281
                                    808      165      133      130      105      129      135      207      586 |      2398
                                   1010      209      138      137      152      157      164      278      703 |      2948
                                   1656      340      213      234      205      250      270      492     1286 |      4946
                                   3904     1150      851      968      950     1141     1265     2804    13890 |     26923
 
                    SUM           22701     3971     2643     2518     2423     2764     2797     5266    20424 |     65507
 
