 <pre>
 
 Contingency table for Rh2m (%)
 Selection: Finland    130 stations
Period: 20190701-20190729
Used {06} + 00 01 ... 24
 Limits    30.00000       50.00000       65.00000       75.00000    
   85.00000       95.00000       100.0000    
 Each class is data <= limit, the very last > last limit
 Total number of values       91744
                                              OBSERVATION
                                     49      210        1        0        0        0        0        0 |       260
                                    287     8203     3116      353      117       28        6        0 |     12110
                                     38     3087     9109     4651     1575      574      168        0 |     19202
                  iobs_0km_ref        5      494     3348     5554     4425     1728      525        0 |     16079
                                      0      145     1242     3431     6746     4976     1581        0 |     18121
                                      0       47      390     1092     3706     7439     4289        0 |     16963
                                      0        2       92      217      722     2738     4505        0 |      8276
                                      0        0        6       24       81      196      426        0 |       733
 
                    SUM             379    12188    17304    15322    17372    17679    11500        0 |     91744
                                              OBSERVATION
                                     42      264        2        1        0        0        0        0 |       309
                                    292     8054     3082      384      122       33        5        0 |     11972
                                     41     3152     9044     4573     1592      618      162        0 |     19182
             iobs_0km_sigmao80        3      512     3403     5564     4373     1732      584        0 |     16171
                                      1      139     1241     3407     6727     4900     1548        0 |     17963
                                      0       63      434     1149     3745     7431     4125        0 |     16947
                                      0        3       92      223      734     2772     4602        0 |      8426
                                      0        1        6       21       79      193      474        0 |       774
 
                    SUM             379    12188    17304    15322    17372    17679    11500        0 |     91744
                                              OBSERVATION
                                     36      250        2        0        0        0        0        0 |       288
                                    293     8046     3097      402      134       34        6        0 |     12012
                                     45     3138     9003     4516     1545      607      170        0 |     19024
            iobs_0km_sigmao120        5      529     3387     5537     4285     1683      552        0 |     15978
                                      0      159     1290     3459     6761     4894     1577        0 |     18140
                                      0       60      424     1155     3793     7445     4186        0 |     17063
                                      0        5       89      224      757     2810     4557        0 |      8442
                                      0        1       12       29       97      206      452        0 |       797
 
                    SUM             379    12188    17304    15322    17372    17679    11500        0 |     91744
 
