 <pre>
 
 Contingency table for Rh2m (%)
 Selection: ALL   1036 stations
Period: 20190701-20190729
Used {00,03,...,21} + 00 01 ... 24
 Limits    30.00000       50.00000       65.00000       75.00000    
   85.00000       95.00000       100.0000    
 Each class is data <= limit, the very last > last limit
 Total number of values     3326069
                                              OBSERVATION
                                   7060     9117      304       37        4        3        0        0 |     16525
                                  11112   251325   102503    11976     4069     1529      175        0 |    382689
                                   1624    99945   318088   153529    52891    19225     3169        0 |    648471
                  iobs_0km_ref      202    15259   114231   215159   167014    62854    11148        0 |    585867
                                     45     5109    40181   122994   269864   190873    38564        0 |    667630
                                     23     2111    15552    42504   146952   336059   137790        0 |    680991
                                      0      200     2435     7817    28925   121778   164597        0 |    325752
                                      0        1       62      321     1352     4654    11754        0 |     18144
 
                    SUM           20066   383067   593356   554337   671071   736975   367197        0 |   3326069
                                              OBSERVATION
                                   7077     9591      287       40        4        4        0        0 |     17003
                                  11331   250855   102458    12513     4412     1707      200        0 |    383476
                                   1455   100162   315865   152327    52553    19224     3296        0 |    644882
             iobs_0km_sigmao80      147    15062   116059   214093   166157    62919    11087        0 |    585524
                                     38     5055    40720   123870   268654   189019    37969        0 |    665325
                                     15     2132    15617    43685   149531   337255   136645        0 |    684880
                                      3      206     2287     7564    28515   122295   165977        0 |    326847
                                      0        4       63      245     1245     4552    12023        0 |     18132
 
                    SUM           20066   383067   593356   554337   671071   736975   367197        0 |   3326069
                                              OBSERVATION
                                   6907     9374      287       31        2        5        0        0 |     16606
                                  11435   251004   102891    12486     4300     1662      196        0 |    383974
                                   1496   100224   316009   152029    52446    19307     3242        0 |    644753
            iobs_0km_sigmao120      148    15024   115974   214800   166454    62626    11268        0 |    586294
                                     56     5192    40404   124010   269221   189824    38208        0 |    666915
                                     21     2058    15502    43196   148770   336524   137115        0 |    683186
                                      3      185     2201     7507    28510   122489   165376        0 |    326271
                                      0        6       88      278     1368     4538    11792        0 |     18070
 
                    SUM           20066   383067   593356   554337   671071   736975   367197        0 |   3326069
 
