 <pre>
 
 Contingency table for Cloud cover (octas)
 Selection: Sweden    100 stations
Period: 20190701-20190729
Used {06} + 00 01 ... 24
 Limits   0.5000000       1.500000       2.500000       3.500000    
   4.500000       5.500000       6.500000       7.500000    
 Each class is data <= limit, the very last > last limit
 Total number of values       66044
                                                       OBSERVATION
                                  11480     1264      732      506      489      463      405      565     1581 |     17485
                                   1656      319      211      210      173      199      186      302      805 |      4061
                                    945      192      149      126      114      108      127      223      541 |      2525
                                    808      161      113      102       89      115      107      197      475 |      2167
                  iobs_0km_ref      770      154      110      120       99      144      118      236      466 |      2217
                                    784      180      129      116      117      120      141      204      609 |      2400
                                   1073      212      122      162      148      174      164      310      741 |      3106
                                   1599      302      217      251      245      264      249      475     1395 |      4997
                                   4004     1141      829      910      919     1136     1316     2753    14078 |     27086
 
                    SUM           23119     3925     2612     2503     2393     2723     2813     5265    20691 |     66044
                                                       OBSERVATION
                                  11457     1270      734      479      461      478      401      571     1609 |     17460
                                   1674      332      217      207      183      180      192      300      785 |      4070
                                    980      181      142      146      131      135      127      234      503 |      2579
                                    778      166      109      119       93      140      114      175      466 |      2160
             iobs_0km_sigmao80      778      175      110      104      124      106      119      199      511 |      2226
                                    766      164      128      113      107      163      134      224      541 |      2340
                                   1021      218      152      164      136      159      154      301      754 |      3059
                                   1639      312      221      256      221      246      286      480     1329 |      4990
                                   4026     1107      799      915      937     1116     1286     2781    14193 |     27160
 
                    SUM           23119     3925     2612     2503     2393     2723     2813     5265    20691 |     66044
                                                       OBSERVATION
                                  11381     1279      714      491      466      468      407      601     1580 |     17387
                                   1637      315      216      188      187      184      187      295      789 |      3998
                                    962      181      147      140      110      127      133      186      552 |      2538
                                    774      160      128      114      111      122      100      194      501 |      2204
            iobs_0km_sigmao120      761      181      126      108       91      122      115      225      487 |      2216
                                    761      173      105      101      124      139      143      251      561 |      2358
                                   1044      181      139      173      144      175      168      265      762 |      3051
                                   1641      348      215      231      213      255      263      470     1300 |      4936
                                   4158     1107      822      957      947     1131     1297     2778    14159 |     27356
 
                    SUM           23119     3925     2612     2503     2393     2723     2813     5265    20691 |     66044
 
