 <pre>
 
 Contingency table for Rh2m (%)
 Selection: Sweden    174 stations
Period: 20190701-20190729
Used {00} + 00 01 ... 24
 Limits    30.00000       50.00000       65.00000       75.00000    
   85.00000       95.00000       100.0000    
 Each class is data <= limit, the very last > last limit
 Total number of values      121637
                                              OBSERVATION
                                     66      207       10        0        0        0        0        0 |       283
                                    593     9261     3875      482      181       70       13        0 |     14475
                                    101     4605    11699     5030     1697      653      141        0 |     23926
                  iobs_0km_ref        6      739     4617     7118     5114     2027      410        0 |     20031
                                      1      244     1925     5137     9186     6185     1594        0 |     24272
                                      0      121      770     2096     6056    10483     5491        0 |     25017
                                      0       14      207      555     2004     3981     6122        0 |     12883
                                      0        0        4       10       75      230      431        0 |       750
 
                    SUM             767    15191    23107    20428    24313    23629    14202        0 |    121637
                                              OBSERVATION
                                     92      222        9        2        0        1        0        0 |       326
                                    580     9425     4007      546      199       98       15        0 |     14870
                                     85     4522    11770     5002     1748      697      155        0 |     23979
             iobs_0km_sigmao80        4      667     4618     7163     5086     1934      432        0 |     19904
                                      3      219     1767     5103     9184     6162     1612        0 |     24050
                                      1      118      763     2066     6082    10379     5497        0 |     24906
                                      2       18      171      539     1957     4128     6062        0 |     12877
                                      0        0        2        7       57      230      429        0 |       725
 
                    SUM             767    15191    23107    20428    24313    23629    14202        0 |    121637
                                              OBSERVATION
                                     81      215       11        2        0        1        0        0 |       310
                                    592     9450     4081      543      197       89       18        0 |     14970
                                     85     4515    11644     4928     1747      725      149        0 |     23793
            iobs_0km_sigmao120        7      657     4664     7236     5109     1965      447        0 |     20085
                                      0      227     1759     5100     9175     6129     1601        0 |     23991
                                      2      106      788     2079     6083    10475     5553        0 |     25086
                                      0       21      157      532     1950     4041     5989        0 |     12690
                                      0        0        3        8       52      204      445        0 |       712
 
                    SUM             767    15191    23107    20428    24313    23629    14202        0 |    121637
 
