 <pre>
 
 Contingency table for Rh2m (%)
 Selection: Sweden    174 stations
Period: 20190701-20190729
Used {18} + 00 01 ... 24
 Limits    30.00000       50.00000       65.00000       75.00000    
   85.00000       95.00000       100.0000    
 Each class is data <= limit, the very last > last limit
 Total number of values      118678
                                              OBSERVATION
                                     71      227       12        2        0        0        0        0 |       312
                                    579     9659     4066      523      159       67        8        0 |     15061
                                    130     4827    12291     5294     1814      737      142        0 |     25235
                  iobs_0km_ref        8      825     4458     7041     5285     2064      500        0 |     20181
                                      6      259     1808     4773     8748     6066     1710        0 |     23370
                                      4      121      809     2025     5532     9412     5015        0 |     22918
                                      0       15      187      478     1713     3520     5020        0 |     10933
                                      0        0        3        3       71      201      390        0 |       668
 
                    SUM             798    15933    23634    20139    23322    22067    12785        0 |    118678
                                              OBSERVATION
                                     83      253       21        2        0        0        0        0 |       359
                                    601     9716     4314      558      192       98       14        0 |     15493
                                    107     4849    11990     5251     1855      713      161        0 |     24926
             iobs_0km_sigmao80        3      756     4657     7153     5330     2100      508        0 |     20507
                                      1      236     1731     4800     8655     5994     1764        0 |     23181
                                      3      106      755     1915     5530     9371     4887        0 |     22567
                                      0       17      165      451     1703     3599     5045        0 |     10980
                                      0        0        1        9       57      192      406        0 |       665
 
                    SUM             798    15933    23634    20139    23322    22067    12785        0 |    118678
                                              OBSERVATION
                                     77      246       18        2        0        0        0        0 |       343
                                    605     9749     4429      579      180       88       13        0 |     15643
                                    103     4847    11968     5344     1859      744      156        0 |     25021
            iobs_0km_sigmao120        9      745     4682     7034     5391     2145      536        0 |     20542
                                      2      220     1677     4822     8682     6074     1751        0 |     23228
                                      2      109      692     1882     5484     9320     4961        0 |     22450
                                      0       17      166      469     1674     3500     4969        0 |     10795
                                      0        0        2        7       52      196      399        0 |       656
 
                    SUM             798    15933    23634    20139    23322    22067    12785        0 |    118678
 
