 <pre>
 
 Contingency table for Cloud cover (octas)
 Selection: Denmark     18 stations
Period: 20190701-20190729
Used {00,03,...,21} + 00 01 ... 24
 Limits   0.5000000       1.500000       2.500000       3.500000    
   4.500000       5.500000       6.500000       7.500000    
 Each class is data <= limit, the very last > last limit
 Total number of values       54946
                                                       OBSERVATION
                                   9680     1857      213      653      140      528       89      971      466 |     14597
                                   1310      557       53      222       61      272       64      504      222 |      3265
                                    815      337       30      155       23      161       35      320      143 |      2019
                                    571      267       25      127       19      110       33      233      119 |      1504
                  iobs_0km_ref      655      314       33      162       32      149       50      292      109 |      1796
                                    615      328       28      156       42      173       34      327      110 |      1813
                                    813      360       38      183       33      236       44      406      168 |      2281
                                   1316      593       60      296       59      348      100      703      299 |      3774
                                   3437     2426      232     1382      237     2278      475     8115     5315 |     23897
 
                    SUM           19212     7039      712     3336      646     4255      924    11871     6951 |     54946
                                                       OBSERVATION
                                   9658     1765      220      603      126      512       98      933      458 |     14373
                                   1307      551       57      248       60      260       61      519      239 |      3302
                                    804      326       33      150       37      158       25      288      144 |      1965
                                    696      306       22      126       28      154       40      271      111 |      1754
             iobs_0km_sigmao80      616      311       27      150       32      115       39      248      105 |      1643
                                    591      333       33      168       35      179       38      324      116 |      1817
                                    872      408       43      173       40      216       57      410      166 |      2385
                                   1229      606       52      298       51      347       98      733      262 |      3676
                                   3439     2433      225     1420      237     2314      468     8145     5350 |     24031
 
                    SUM           19212     7039      712     3336      646     4255      924    11871     6951 |     54946
                                                       OBSERVATION
                                   9635     1814      210      602      122      513       90      945      458 |     14389
                                   1337      527       56      228       56      249       69      476      218 |      3216
                                    802      347       45      164       41      167       35      315      159 |      2075
                                    642      279       29      136       27      151       31      243      109 |      1647
            iobs_0km_sigmao120      579      301       26      168       31      133       40      296      102 |      1676
                                    658      321       20      159       31      170       46      308      115 |      1828
                                    867      388       43      195       49      219       51      419      157 |      2388
                                   1315      658       46      272       50      368      100      727      286 |      3822
                                   3377     2404      237     1412      239     2285      462     8142     5347 |     23905
 
                    SUM           19212     7039      712     3336      646     4255      924    11871     6951 |     54946
 
