 <pre>
 
 Contingency table for Cloud cover (octas)
 Selection: ALL    593 stations
Period: 20190701-20190729
Used {06} + 00 01 ... 24
 Limits   0.5000000       1.500000       2.500000       3.500000    
   4.500000       5.500000       6.500000       7.500000    
 Each class is data <= limit, the very last > last limit
 Total number of values      383866
                                                       OBSERVATION
                                  46750    10425     8092     5404     3229     4143     4610     5617     5380 |     93650
                                   5422     1703     1661     1576     1095     1586     2136     3143     2778 |     21100
                                   3171     1031      997      958      705     1039     1519     2241     2031 |     13692
                                   2526      860      864      802      623      904     1351     1994     1827 |     11751
                  iobs_0km_ref     2392      843      773      804      606     1005     1408     2202     1857 |     11890
                                   2547      880      815      869      710     1029     1508     2503     2225 |     13086
                                   3020     1046      907     1020      828     1325     1829     3341     3088 |     16404
                                   4484     1509     1361     1521     1194     1941     2992     5815     5757 |     26574
                                  11178     4763     4232     4888     3915     7724    14177    46953    77889 |    175719
 
                    SUM           81490    23060    19702    17842    12905    20696    31530    73809   102832 |    383866
                                                       OBSERVATION
                                  46965    10416     8177     5390     3228     4194     4606     5584     5403 |     93963
                                   5439     1760     1647     1596     1131     1543     2089     3117     2804 |     21126
                                   3080      983     1016      986      702     1032     1451     2222     1981 |     13453
                                   2440      842      823      861      585      920     1329     2001     1789 |     11590
             iobs_0km_sigmao80     2381      888      813      834      629      967     1432     2198     1909 |     12051
                                   2427      848      780      853      701     1042     1524     2487     2203 |     12865
                                   3031     1066      959      966      848     1343     1872     3390     3018 |     16493
                                   4566     1535     1388     1509     1178     1976     2997     5814     5681 |     26644
                                  11161     4722     4099     4847     3903     7679    14230    46996    78044 |    175681
 
                    SUM           81490    23060    19702    17842    12905    20696    31530    73809   102832 |    383866
                                                       OBSERVATION
                                  46621    10443     8030     5366     3235     4144     4622     5597     5291 |     93349
                                   5533     1751     1676     1555     1119     1582     2148     3080     2876 |     21320
                                   3140     1012     1007      982      672     1023     1459     2159     2039 |     13493
                                   2367      844      847      845      588      935     1346     1967     1823 |     11562
            iobs_0km_sigmao120     2431      882      840      833      619      971     1428     2142     1893 |     12039
                                   2447      854      772      813      699     1083     1603     2456     2206 |     12933
                                   3053      992      913     1037      835     1341     1841     3351     3125 |     16488
                                   4537     1554     1408     1508     1204     1935     2963     5950     5663 |     26722
                                  11361     4728     4209     4903     3934     7682    14120    47107    77916 |    175960
 
                    SUM           81490    23060    19702    17842    12905    20696    31530    73809   102832 |    383866
 
