 <pre>
 
 Contingency table for Cloud cover (octas)
 Selection: ALL    596 stations
Period: 20190701-20190729
Used {00,03,...,21} + 00 01 ... 24
 Limits   0.5000000       1.500000       2.500000       3.500000    
   4.500000       5.500000       6.500000       7.500000    
 Each class is data <= limit, the very last > last limit
 Total number of values     1783837
                                                       OBSERVATION
                                 220537    48672    37214    24999    15011    19071    21206    26133    24366 |    437209
                                  26057     8185     8061     7580     5231     7654    10235    14772    13035 |    100810
                                  14846     4713     4688     4496     3263     4975     7027    10438     9506 |     63952
                                  12051     4074     3909     3822     2891     4258     6088     9310     8449 |     54852
                  iobs_0km_ref    11157     3881     3684     3929     2925     4708     6601    10270     8933 |     56088
                                  11381     4029     3735     4022     3248     4877     7211    11635    10385 |     60523
                                  13914     4827     4419     4632     3846     6071     8822    15571    14331 |     76433
                                  20840     6867     6342     6883     5545     8994    13958    27266    26340 |    123035
                                  49272    21973    19234    22933    18241    35915    65983   218390   358994 |    810935
 
                    SUM          380055   107221    91286    83296    60201    96523   147131   343785   474339 |   1783837
                                                       OBSERVATION
                                 221173    48722    37679    25291    15047    19149    21278    26198    24662 |    439199
                                  26081     8268     8001     7454     5271     7614     9967    14815    13161 |    100632
                                  14732     4727     4725     4537     3387     4900     6967    10274     9334 |     63583
                                  11946     3939     3834     3807     2881     4352     6274     9515     8456 |     55004
             iobs_0km_sigmao80    11193     3862     3669     3897     2997     4410     6535    10237     8858 |     55658
                                  11125     4060     3799     3971     3193     4934     7135    11552    10362 |     60131
                                  13918     4848     4391     4609     3782     6095     8754    15421    14228 |     76046
                                  20720     7058     6335     6852     5538     9171    14057    27097    26287 |    123115
                                  49167    21737    18853    22878    18105    35898    66164   218676   358991 |    810469
 
                    SUM          380055   107221    91286    83296    60201    96523   147131   343785   474339 |   1783837
                                                       OBSERVATION
                                 220038    48847    37236    25011    14891    19120    21292    26118    24046 |    436599
                                  26098     8195     8150     7441     5281     7637    10233    14567    13222 |    100824
                                  14768     4712     4748     4571     3334     4890     6962    10416     9582 |     63983
                                  11937     3965     3823     3911     2860     4352     6203     9484     8511 |     55046
            iobs_0km_sigmao120    11196     3890     3773     3847     2881     4443     6660    10083     9022 |     55795
                                  11400     3988     3692     4029     3259     4931     7392    11548    10373 |     60612
                                  14021     4682     4385     4643     3912     6070     8814    15492    13990 |     76009
                                  20824     7123     6383     7042     5529     9263    13907    27495    26329 |    123895
                                  49773    21819    19096    22801    18254    35817    65668   218582   359264 |    811074
 
                    SUM          380055   107221    91286    83296    60201    96523   147131   343785   474339 |   1783837
 
