 <pre>
 
 Contingency table for Cloud cover (octas)
 Selection: Finland     68 stations
Period: 20190701-20190729
Used {18} + 00 01 ... 24
 Limits   0.5000000       1.500000       2.500000       3.500000    
   4.500000       5.500000       6.500000       7.500000    
 Each class is data <= limit, the very last > last limit
 Total number of values       47921
                                                       OBSERVATION
                                   9963     1292      300      393      170      310      148      679      276 |     13531
                                   1148      279       82      152       67      126       77      368      176 |      2475
                                    726      148       49       91       35       96       45      243      120 |      1553
                                    581      177       55       74       45       86       33      224       97 |      1372
                  iobs_0km_ref      538      152       44       82       32       80       39      258      132 |      1357
                                    472      186       46       97       44      126       61      315      142 |      1489
                                    657      199       57      115       56      134       66      399      198 |      1881
                                    941      294       86      195      110      209      120      807      408 |      3170
                                   2289     1068      336      837      427     1122      640     6872     7502 |     21093
 
                    SUM           17315     3795     1055     2036      986     2289     1229    10165     9051 |     47921
                                                       OBSERVATION
                                   9947     1250      315      406      172      315      160      659      256 |     13480
                                   1232      279       84      147       55      118       68      357      158 |      2498
                                    649      166       42       77       54       81       50      236      136 |      1491
                                    570      173       46       78       48       82       47      226      121 |      1391
             iobs_0km_sigmao80      525      157       37       94       33       78       39      278      116 |      1357
                                    482      178       45       85       52      111       45      324      161 |      1483
                                    640      201       58      116       54      125       69      433      184 |      1880
                                    941      303       97      188      109      223      107      773      363 |      3104
                                   2329     1088      331      845      409     1156      644     6879     7556 |     21237
 
                    SUM           17315     3795     1055     2036      986     2289     1229    10165     9051 |     47921
                                                       OBSERVATION
                                   9894     1282      291      400      173      312      147      656      248 |     13403
                                   1209      291       96      153       68      119       75      342      162 |      2515
                                    721      160       46       95       51       93       60      242      123 |      1591
                                    559      181       52       70       33       69       50      243       96 |      1353
            iobs_0km_sigmao120      500      157       44       82       44       96       41      279      111 |      1354
                                    520      155       50      110       49      104       42      316      145 |      1491
                                    634      190       64      117       63      123       72      412      203 |      1878
                                    950      318       75      199      104      253      104      785      400 |      3188
                                   2328     1061      337      810      401     1120      638     6890     7563 |     21148
 
                    SUM           17315     3795     1055     2036      986     2289     1229    10165     9051 |     47921
 
