 <pre>
 
 Contingency table for Rh2m (%)
 Selection: Sweden    173 stations
Period: 20190701-20190729
Used {21} + 00 01 02 03
 Limits    30.00000       50.00000       65.00000       75.00000    
   85.00000       95.00000       100.0000    
 Each class is data <= limit, the very last > last limit
 Total number of values       19230
                                              OBSERVATION
                                      0        0        0        0        0        0        0        0 |         0
                                      1       29       84       23        5       10        1        0 |       153
                                      3       62      557      573      285      130       32        0 |      1642
                  iobs_0km_ref        0       45      370      993     1227      586      114        0 |      3335
                                      0       19      195      692     1818     1783      439        0 |      4946
                                      0        7       84      347     1201     2662     1493        0 |      5794
                                      0        1       20      100      455      945     1674        0 |      3195
                                      0        0        0        0       18       53       94        0 |       165
 
                    SUM               4      163     1310     2728     5009     6169     3847        0 |     19230
                                              OBSERVATION
                                      0        0        0        0        0        0        0        0 |         0
                                      1       38       97       31       12       12        0        0 |       191
                                      3       57      528      588      312      127       32        0 |      1647
             iobs_0km_sigmao80        0       44      391      975     1181      588      122        0 |      3301
                                      0       18      195      703     1865     1722      474        0 |      4977
                                      0        6       82      344     1135     2700     1465        0 |      5732
                                      0        0       17       87      491      975     1664        0 |      3234
                                      0        0        0        0       13       45       90        0 |       148
 
                    SUM               4      163     1310     2728     5009     6169     3847        0 |     19230
                                              OBSERVATION
                                      0        0        0        0        0        0        0        0 |         0
                                      0       36      101       29        6       10        0        0 |       182
                                      4       54      527      617      301      131       34        0 |      1668
            iobs_0km_sigmao120        0       50      392      973     1200      619      128        0 |      3362
                                      0       17      191      683     1859     1740      461        0 |      4951
                                      0        6       81      351     1158     2674     1486        0 |      5756
                                      0        0       18       74      472      942     1651        0 |      3157
                                      0        0        0        1       13       53       87        0 |       154
 
                    SUM               4      163     1310     2728     5009     6169     3847        0 |     19230
 
