 <pre>
 
 Contingency table for Rh2m (%)
 Selection: Finland    130 stations
Period: 20190701-20190729
Used {03} + 00 01 02 03
 Limits    30.00000       50.00000       65.00000       75.00000    
   85.00000       95.00000       100.0000    
 Each class is data <= limit, the very last > last limit
 Total number of values       14807
                                              OBSERVATION
                                      0        0        0        0        0        0        0        0 |         0
                                      0       23       52       12        2        0        0        0 |        89
                                      0       49      736      713      188       34       14        0 |      1734
                  iobs_0km_ref        0       23      444     1254      996      212       49        0 |      2978
                                      0        7      156      684     1889     1215      247        0 |      4198
                                      0        0       24      146      756     2027     1097        0 |      4050
                                      0        0        3       26      114      548      920        0 |      1611
                                      0        0        1        3       16       34       93        0 |       147
 
                    SUM               0      102     1416     2838     3961     4070     2420        0 |     14807
                                              OBSERVATION
                                      0        0        0        0        0        0        0        0 |         0
                                      0       22       57       14        3        0        0        0 |        96
                                      0       54      728      733      186       38       14        0 |      1753
             iobs_0km_sigmao80        0       21      450     1215      980      215       49        0 |      2930
                                      0        5      157      702     1876     1200      249        0 |      4189
                                      0        0       21      149      793     2034     1025        0 |      4022
                                      0        0        1       23      111      543      971        0 |      1649
                                      0        0        2        2       12       40      112        0 |       168
 
                    SUM               0      102     1416     2838     3961     4070     2420        0 |     14807
                                              OBSERVATION
                                      0        0        0        0        0        0        0        0 |         0
                                      0       18       60       16        2        0        0        0 |        96
                                      0       53      730      727      188       42       16        0 |      1756
            iobs_0km_sigmao120        0       25      449     1205      974      191       43        0 |      2887
                                      0        6      155      717     1851     1225      249        0 |      4203
                                      0        0       17      148      824     2026     1046        0 |      4061
                                      0        0        2       22      103      544      969        0 |      1640
                                      0        0        3        3       19       42       97        0 |       164
 
                    SUM               0      102     1416     2838     3961     4070     2420        0 |     14807
 
