 <pre>
 
 Contingency table for Rh2m (%)
 Selection: ALL   1023 stations
Period: 20190701-20190729
Used {09} + 00 01 02 03
 Limits    30.00000       50.00000       65.00000       75.00000    
   85.00000       95.00000       100.0000    
 Each class is data <= limit, the very last > last limit
 Total number of values      115299
                                              OBSERVATION
                                    303      405       11        0        0        0        0        0 |       719
                                    626    18571     6745      467      114       31        2        0 |     26556
                                     73     6584    19671     6691     1533      407       44        0 |     35003
                  iobs_0km_ref        1      599     5398     8142     4314      974      113        0 |     19541
                                      0      140     1567     4550     6761     2561      287        0 |     15866
                                      0       71      589     1473     3871     5381     1157        0 |     12542
                                      0        0       71      235      763     2218     1493        0 |      4780
                                      0        0        5       17       51       73      146        0 |       292
 
                    SUM            1003    26370    34057    21575    17407    11645     3242        0 |    115299
                                              OBSERVATION
                                    300      444       10        0        0        0        0        0 |       754
                                    635    18600     6676      501      144       47        3        0 |     26606
                                     65     6509    19637     6500     1529      427       51        0 |     34718
             iobs_0km_sigmao80        3      586     5517     8178     4252      965      101        0 |     19602
                                      0      150     1555     4593     6743     2519      281        0 |     15841
                                      0       77      586     1552     3992     5456     1179        0 |     12842
                                      0        4       75      241      690     2158     1492        0 |      4660
                                      0        0        1       10       57       73      135        0 |       276
 
                    SUM            1003    26370    34057    21575    17407    11645     3242        0 |    115299
                                              OBSERVATION
                                    286      429       11        0        0        0        0        0 |       726
                                    652    18615     6809      504      138       42        4        0 |     26764
                                     64     6506    19525     6434     1533      416       50        0 |     34528
            iobs_0km_sigmao120        1      590     5439     8278     4275      988      102        0 |     19673
                                      0      144     1599     4592     6688     2534      278        0 |     15835
                                      0       82      604     1503     3969     5417     1191        0 |     12766
                                      0        3       65      249      750     2175     1479        0 |      4721
                                      0        1        5       15       54       73      138        0 |       286
 
                    SUM            1003    26370    34057    21575    17407    11645     3242        0 |    115299
 
