 <pre>
 
 Contingency table for Rh2m (%)
 Selection: ALL   1027 stations
Period: 20190701-20190729
Used {18} + 00 01 ... 24
 Limits    30.00000       50.00000       65.00000       75.00000    
   85.00000       95.00000       100.0000    
 Each class is data <= limit, the very last > last limit
 Total number of values      700510
                                              OBSERVATION
                                   1437     1906       77        3        0        0        0        0 |      3423
                                   2323    52073    22068     2726      880      317       29        0 |     80416
                                    378    21383    67935    33647    11715     4345      694        0 |    140097
                  iobs_0km_ref       43     3500    24276    45600    36117    13748     2431        0 |    125715
                                     13     1131     8561    25463    56371    40607     8352        0 |    140498
                                     10      479     3388     8873    30065    69532    28805        0 |    141152
                                      0       49      533     1583     5839    24682    32913        0 |     65599
                                      0        0       12       56      260      954     2328        0 |      3610
 
                    SUM            4204    80521   126850   117951   141247   154185    75552        0 |    700510
                                              OBSERVATION
                                   1407     1981       76        4        0        0        0        0 |      3468
                                   2410    51816    22151     2830      956      366       43        0 |     80572
                                    345    21582    67343    33477    11704     4267      697        0 |    139415
             iobs_0km_sigmao80       31     3515    24847    45435    36057    13745     2419        0 |    126049
                                      6     1092     8641    25592    56021    40302     8202        0 |    139856
                                      5      487     3276     9040    30609    69764    28450        0 |    141631
                                      0       47      503     1516     5664    24785    33327        0 |     65842
                                      0        1       13       57      236      956     2414        0 |      3677
 
                    SUM            4204    80521   126850   117951   141247   154185    75552        0 |    700510
                                              OBSERVATION
                                   1390     1946       64        3        0        0        0        0 |      3403
                                   2417    51863    22267     2797      919      333       44        0 |     80640
                                    338    21568    67241    33466    11650     4361      691        0 |    139315
            iobs_0km_sigmao120       40     3482    25047    45541    36131    13850     2473        0 |    126564
                                     13     1152     8452    25695    56140    40396     8183        0 |    140031
                                      4      458     3263     8873    30474    69503    28731        0 |    141306
                                      2       52      499     1516     5665    24785    33123        0 |     65642
                                      0        0       17       60      268      957     2307        0 |      3609
 
                    SUM            4204    80521   126850   117951   141247   154185    75552        0 |    700510
 
