 <pre>
 
 Contingency table for Cloud cover (octas)
 Selection: Sweden    100 stations
Period: 20190701-20190729
Used {00,03,...,21} + 00 01 ... 24
 Limits   0.5000000       1.500000       2.500000       3.500000    
   4.500000       5.500000       6.500000       7.500000    
 Each class is data <= limit, the very last > last limit
 Total number of values      305569
                                                       OBSERVATION
                                  53871     5979     3362     2507     2342     2214     1917     2781     7388 |     82361
                                   7910     1462      973      926      799      927      898     1377     3817 |     19089
                                   4449      862      636      571      544      599      587      985     2639 |     11872
                                   3748      794      562      457      475      543      539      872     2288 |     10278
                  iobs_0km_ref     3544      691      525      530      464      608      570     1000     2296 |     10228
                                   3729      775      563      535      538      605      624     1028     2715 |     11112
                                   4801      945      689      679      615      738      777     1311     3453 |     14008
                                   7386     1393      974     1059     1063     1144     1155     2238     6206 |     22618
                                  17728     5347     3867     4326     4262     5239     5937    12718    64579 |    124003
 
                    SUM          107166    18248    12151    11590    11102    12617    13004    24310    95381 |    305569
                                                       OBSERVATION
                                  54227     5944     3360     2428     2291     2162     1876     2695     7582 |     82565
                                   7719     1524      984      922      851      944      877     1386     3749 |     18956
                                   4584      900      627      624      553      620      584     1004     2530 |     12026
                                   3722      782      563      525      470      530      536      932     2275 |     10335
             iobs_0km_sigmao80     3541      746      545      519      504      571      559      963     2376 |     10324
                                   3639      807      567      507      482      700      667      988     2549 |     10906
                                   4715      940      712      716      610      747      770     1371     3536 |     14117
                                   7451     1507     1028     1054     1037     1182     1306     2231     6110 |     22906
                                  17568     5098     3765     4295     4304     5161     5829    12740    64674 |    123434
 
                    SUM          107166    18248    12151    11590    11102    12617    13004    24310    95381 |    305569
                                                       OBSERVATION
                                  53595     6008     3297     2444     2291     2138     1892     2753     7317 |     81735
                                   7767     1477     1019      895      837      975      892     1335     3836 |     19033
                                   4535      892      669      564      523      603      612      964     2669 |     12031
                                   3743      755      560      513      485      579      553      895     2324 |     10407
            iobs_0km_sigmao120     3616      740      576      504      438      534      567      966     2428 |     10369
                                   3698      773      534      555      517      640      640     1084     2701 |     11142
                                   4693      895      673      682      674      774      749     1327     3425 |     13892
                                   7532     1524     1011     1044     1016     1185     1194     2175     6096 |     22777
                                  17987     5184     3812     4389     4321     5189     5905    12811    64585 |    124183
 
                    SUM          107166    18248    12151    11590    11102    12617    13004    24310    95381 |    305569
 
