 <pre>
 
 Contingency table for Cloud cover (octas)
 Selection: ALL    593 stations
Period: 20190701-20190729
Used {18} + 00 01 ... 24
 Limits   0.5000000       1.500000       2.500000       3.500000    
   4.500000       5.500000       6.500000       7.500000    
 Each class is data <= limit, the very last > last limit
 Total number of values      377357
                                                       OBSERVATION
                                  46476    10188     7676     5092     2983     3885     4299     5483     5153 |     91235
                                   5566     1690     1743     1548     1140     1552     2154     3061     2839 |     21293
                                   3224      986      974      922      667     1065     1456     2120     2064 |     13478
                                   2670      850      868      814      589      854     1285     1928     1785 |     11643
                  iobs_0km_ref     2378      805      797      860      569     1018     1313     2185     1939 |     11864
                                   2385      879      785      856      702     1075     1523     2438     2147 |     12790
                                   3016     1036      951      951      768     1207     1923     3229     3084 |     16165
                                   4467     1445     1388     1463     1239     1919     3049     5721     5652 |     26343
                                  10543     4686     4139     5002     3919     7721    14253    46583    75700 |    172546
 
                    SUM           80725    22565    19321    17508    12576    20296    31255    72748   100363 |    377357
                                                       OBSERVATION
                                  46903    10117     7839     5177     3000     3867     4367     5472     5234 |     91976
                                   5574     1702     1733     1573     1105     1550     2103     3107     2773 |     21220
                                   3145     1020      986      931      712     1019     1489     2093     1994 |     13389
                                   2642      842      796      766      613      907     1330     2028     1751 |     11675
             iobs_0km_sigmao80     2354      865      768      806      609      915     1313     2136     1849 |     11615
                                   2374      853      822      823      719     1065     1460     2417     2215 |     12748
                                   2945     1028      966     1003      746     1238     1888     3097     3056 |     15967
                                   4400     1496     1357     1474     1190     1968     2982     5757     5579 |     26203
                                  10388     4642     4054     4955     3882     7767    14323    46641    75912 |    172564
 
                    SUM           80725    22565    19321    17508    12576    20296    31255    72748   100363 |    377357
                                                       OBSERVATION
                                  46542    10168     7766     5142     2955     3897     4387     5486     5052 |     91395
                                   5559     1707     1741     1563     1145     1571     2165     3026     2768 |     21245
                                   3270     1016     1021      930      685     1008     1466     2227     1993 |     13616
                                   2589      836      771      866      612      931     1278     2040     1817 |     11740
            iobs_0km_sigmao120     2357      809      789      760      599      935     1318     2140     1916 |     11623
                                   2480      839      829      867      690     1033     1543     2385     2207 |     12873
                                   2938     1043      975      944      826     1250     1851     3169     2992 |     15988
                                   4468     1498     1383     1494     1180     1976     2944     5835     5614 |     26392
                                  10522     4649     4046     4942     3884     7695    14303    46440    76004 |    172485
 
                    SUM           80725    22565    19321    17508    12576    20296    31255    72748   100363 |    377357
 
