 <pre>
 
 Contingency table for Cloud cover (octas)
 Selection: ALL    593 stations
Period: 20190701-20190729
Used {12} + 00 01 ... 24
 Limits   0.5000000       1.500000       2.500000       3.500000    
   4.500000       5.500000       6.500000       7.500000    
 Each class is data <= limit, the very last > last limit
 Total number of values      380295
                                                       OBSERVATION
                                  45993    10265     7867     5388     3257     4172     4630     5635     5146 |     92353
                                   5475     1807     1717     1648     1130     1679     2254     3180     2784 |     21674
                                   3064      985     1043      957      713     1054     1493     2281     1965 |     13555
                                   2554      877      759      823      618      906     1252     1987     1750 |     11526
                  iobs_0km_ref     2396      852      759      819      645      987     1424     2167     1842 |     11891
                                   2368      845      800      866      718     1034     1558     2462     2193 |     12844
                                   2962     1016      982      984      833     1322     1938     3413     3073 |     16523
                                   4471     1456     1358     1437     1151     1949     2977     5849     5598 |     26246
                                  10365     4735     4121     4957     3977     7733    14406    46775    76614 |    173683
 
                    SUM           79648    22838    19406    17879    13042    20836    31932    73749   100965 |    380295
                                                       OBSERVATION
                                  45892    10264     7909     5454     3276     4139     4608     5650     5193 |     92385
                                   5424     1755     1706     1563     1130     1694     2135     3206     2805 |     21418
                                   3128     1022      970      976      733     1026     1502     2229     1912 |     13498
                                   2514      839      820      789      611      894     1355     2038     1785 |     11645
             iobs_0km_sigmao80     2419      781      783      829      655      995     1379     2166     1891 |     11898
                                   2391      899      838      852      669     1047     1590     2473     2173 |     12932
                                   2996     1046      960     1018      830     1367     1915     3422     3064 |     16618
                                   4379     1528     1374     1449     1238     1949     3023     5760     5599 |     26299
                                  10505     4704     4046     4949     3900     7725    14425    46805    76543 |    173602
 
                    SUM           79648    22838    19406    17879    13042    20836    31932    73749   100965 |    380295
                                                       OBSERVATION
                                  45669    10269     7881     5344     3223     4151     4561     5601     5111 |     91810
                                   5409     1747     1750     1633     1096     1697     2289     3097     2783 |     21501
                                   3088      974      963      985      735     1055     1538     2275     1977 |     13590
                                   2659      901      805      795      624      929     1339     2090     1765 |     11907
            iobs_0km_sigmao120     2349      822      806      798      636      960     1425     2106     1940 |     11842
                                   2386      904      769      899      690     1028     1544     2507     2238 |     12965
                                   2959      986      974      975      842     1303     1936     3376     2892 |     16243
                                   4443     1515     1364     1500     1225     2029     3021     5919     5643 |     26659
                                  10686     4720     4094     4950     3971     7684    14279    46778    76616 |    173778
 
                    SUM           79648    22838    19406    17879    13042    20836    31932    73749   100965 |    380295
 
