 <pre>
 
 Contingency table for Rh2m (%)
 Selection: Sweden    174 stations
Period: 20190701-20190729
Used {15} + 00 01 02 03
 Limits    30.00000       50.00000       65.00000       75.00000    
   85.00000       95.00000       100.0000    
 Each class is data <= limit, the very last > last limit
 Total number of values       19466
                                              OBSERVATION
                                     27       62        1        0        0        0        0        0 |        90
                                    269     3381     1144      121       35       11        1        0 |      4962
                                     51     1432     2885      923      259       94       11        0 |      5655
                  iobs_0km_ref        1      192      933     1105      564      188       22        0 |      3005
                                      0       56      335      768     1122      428       54        0 |      2763
                                      0       46      186      276      663      800      192        0 |      2163
                                      0        7       32       65      163      288      219        0 |       774
                                      0        0        2        2        9       25       16        0 |        54
 
                    SUM             348     5176     5518     3260     2815     1834      515        0 |     19466
                                              OBSERVATION
                                     51       83        1        0        0        0        0        0 |       135
                                    267     3515     1218      112       41        9        2        0 |      5164
                                     27     1322     2786      922      242      114        7        0 |      5420
             iobs_0km_sigmao80        1      164      943     1080      569      173       26        0 |      2956
                                      2       50      350      806     1091      406       61        0 |      2766
                                      0       37      178      279      703      817      192        0 |      2206
                                      0        5       40       60      164      293      209        0 |       771
                                      0        0        2        1        5       22       18        0 |        48
 
                    SUM             348     5176     5518     3260     2815     1834      515        0 |     19466
                                              OBSERVATION
                                     41       72        0        0        0        0        0        0 |       113
                                    274     3499     1226      117       38       10        2        0 |      5166
                                     30     1367     2796      899      249      116        8        0 |      5465
            iobs_0km_sigmao120        1      152      943     1116      570      179       26        0 |      2987
                                      1       54      335      769     1093      415       51        0 |      2718
                                      1       31      183      278      694      791      204        0 |      2182
                                      0        1       33       79      163      303      206        0 |       785
                                      0        0        2        2        8       20       18        0 |        50
 
                    SUM             348     5176     5518     3260     2815     1834      515        0 |     19466
 
