 <pre>
 
 Contingency table for Cloud cover (octas)
 Selection: Finland     68 stations
Period: 20190701-20190729
Used {12} + 00 01 ... 24
 Limits   0.5000000       1.500000       2.500000       3.500000    
   4.500000       5.500000       6.500000       7.500000    
 Each class is data <= limit, the very last > last limit
 Total number of values       48328
                                                       OBSERVATION
                                   9788     1322      330      436      178      331      145      667      260 |     13457
                                   1175      304       83      180       78      119       69      360      169 |      2537
                                    686      180       47       95       56      100       47      254      115 |      1580
                                    570      160       33       83       40       97       44      248       99 |      1374
                  iobs_0km_ref      528      177       41      112       37       93       51      273      109 |      1421
                                    490      167       55      103       58      103       61      303      136 |      1476
                                    624      201       70      121       61      135       68      445      211 |      1936
                                    955      312      104      187       89      230      123      790      406 |      3196
                                   2325     1085      338      795      420     1155      667     6968     7598 |     21351
 
                    SUM           17141     3908     1101     2112     1017     2363     1275    10308     9103 |     48328
                                                       OBSERVATION
                                   9741     1300      324      447      181      329      156      641      256 |     13375
                                   1105      311       89      161       70      136       51      363      161 |      2447
                                    673      184       53      102       51       80       55      233      122 |      1553
                                    543      156       43       83       39       88       41      252      108 |      1353
             iobs_0km_sigmao80      571      156       46      114       47       80       50      278      105 |      1447
                                    497      185       51       86       49       99       51      306      160 |      1484
                                    610      216       59      128       67      154       79      446      187 |      1946
                                    969      304       84      182       88      223      133      773      400 |      3156
                                   2432     1096      352      809      425     1174      659     7016     7604 |     21567
 
                    SUM           17141     3908     1101     2112     1017     2363     1275    10308     9103 |     48328
                                                       OBSERVATION
                                   9698     1321      333      424      171      340      151      643      250 |     13331
                                   1134      300       87      158       77      140       72      372      172 |      2512
                                    675      165       40      111       46      101       39      242      118 |      1537
                                    585      175       58       72       36       70       44      249       95 |      1384
            iobs_0km_sigmao120      519      154       55      113       49       92       57      262      101 |      1402
                                    522      198       46      118       57       96       59      299      142 |      1537
                                    637      189       54      117       66      129       79      426      206 |      1903
                                    934      327       78      199       90      209      120      824      399 |      3180
                                   2437     1079      350      800      425     1186      654     6991     7620 |     21542
 
                    SUM           17141     3908     1101     2112     1017     2363     1275    10308     9103 |     48328
 
