 <pre>
 
 Contingency table for Cloud cover (octas)
 Selection: Finland     68 stations
Period: 20190701-20190729
Used {00,03,...,21} + 00 01 ... 24
 Limits   0.5000000       1.500000       2.500000       3.500000    
   4.500000       5.500000       6.500000       7.500000    
 Each class is data <= limit, the very last > last limit
 Total number of values      225560
                                                       OBSERVATION
                                  46503     6111     1454     1920      826     1463      682     3041     1235 |     63235
                                   5495     1342      394      752      307      591      317     1698      746 |     11642
                                   3256      806      226      457      199      441      223     1151      534 |      7293
                                   2636      772      225      421      187      382      190     1131      471 |      6415
                  iobs_0km_ref     2423      735      206      475      178      434      217     1218      560 |      6446
                                   2379      815      226      466      239      529      268     1500      648 |      7070
                                   2927      942      288      576      303      640      309     1975      936 |      8896
                                   4358     1385      437      870      468     1046      553     3666     1924 |     14707
                                  10866     5037     1625     3707     1974     5297     3040    32435    35875 |     99856
 
                    SUM           80843    17945     5081     9644     4681    10823     5799    47815    42929 |    225560
                                                       OBSERVATION
                                  46341     6067     1494     1969      816     1465      709     3004     1218 |     63083
                                   5615     1395      381      728      298      603      278     1700      735 |     11733
                                   3159      814      214      448      229      414      209     1153      546 |      7186
                                   2577      759      218      415      211      402      199     1079      505 |      6365
             iobs_0km_sigmao80     2519      723      201      449      193      396      226     1304      522 |      6533
                                   2311      786      245      452      230      493      262     1448      735 |      6962
                                   2913      946      271      554      286      641      317     1963      906 |      8797
                                   4338     1365      414      879      448     1050      529     3596     1860 |     14479
                                  11070     5090     1643     3750     1970     5359     3070    32568    35902 |    100422
 
                    SUM           80843    17945     5081     9644     4681    10823     5799    47815    42929 |    225560
                                                       OBSERVATION
                                  46045     6199     1443     1932      829     1486      686     3015     1163 |     62798
                                   5560     1346      413      736      308      610      307     1626      749 |     11655
                                   3245      794      229      478      207      444      228     1172      529 |      7326
                                   2583      748      236      376      166      366      216     1107      503 |      6301
            iobs_0km_sigmao120     2442      751      240      441      187      422      227     1217      527 |      6454
                                   2476      772      221      485      253      497      240     1437      663 |      7044
                                   2967      895      266      580      302      592      334     1943      936 |      8815
                                   4340     1440      381      945      468     1073      523     3727     1885 |     14782
                                  11185     5000     1652     3671     1961     5333     3038    32571    35974 |    100385
 
                    SUM           80843    17945     5081     9644     4681    10823     5799    47815    42929 |    225560
 
