 <pre>
 
 Contingency table for Cloud cover (octas)
 Selection: ALL    578 stations
Period: 20190701-20190729
Used {09} + 00 01 02 03
 Limits   0.5000000       1.500000       2.500000       3.500000    
   4.500000       5.500000       6.500000       7.500000    
 Each class is data <= limit, the very last > last limit
 Total number of values       62575
                                                       OBSERVATION
                                   5511     1902     1265     1021      692      778      842      756      510 |     13277
                                    628      312      251      332      219      347      471      561      343 |      3464
                                    359      186      168      183      175      246      344      427      307 |      2395
                                    300      198      145      195      159      243      343      431      272 |      2286
                  iobs_0km_ref      266      166      123      215      184      285      388      505      282 |      2414
                                    254      167      142      197      177      274      414      544      369 |      2538
                                    308      194      138      199      219      337      488      737      496 |      3116
                                    437      270      188      281      256      405      725     1261      952 |      4775
                                    986      788      523      751      688     1426     2844     8520    11784 |     28310
 
                    SUM            9049     4183     2943     3374     2769     4341     6859    13742    15315 |     62575
                                                       OBSERVATION
                                   5520     1927     1292     1067      695      798      835      796      511 |     13441
                                    611      342      260      307      231      358      451      581      364 |      3505
                                    359      163      138      201      163      243      345      423      285 |      2320
                                    296      174      155      179      178      246      338      396      271 |      2233
             iobs_0km_sigmao80      278      155      128      190      182      232      385      479      302 |      2331
                                    251      183      151      190      181      278      410      592      336 |      2572
                                    292      191      127      185      205      328      490      726      541 |      3085
                                    447      295      187      256      249      411      715     1230      904 |      4694
                                    995      753      505      799      685     1447     2890     8519    11801 |     28394
 
                    SUM            9049     4183     2943     3374     2769     4341     6859    13742    15315 |     62575
                                                       OBSERVATION
                                   5513     1940     1248     1052      687      789      824      792      510 |     13355
                                    603      316      279      287      249      366      469      537      376 |      3482
                                    363      206      186      200      162      239      339      425      291 |      2411
                                    281      151      150      187      140      245      328      425      273 |      2180
            iobs_0km_sigmao120      263      179      129      213      186      268      418      475      297 |      2428
                                    252      139      134      187      188      268      442      569      343 |      2522
                                    325      189      125      203      215      316      483      714      510 |      3080
                                    448      294      177      266      248      418      694     1233      900 |      4678
                                   1001      769      515      779      694     1432     2862     8572    11815 |     28439
 
                    SUM            9049     4183     2943     3374     2769     4341     6859    13742    15315 |     62575
 
