 <pre>
 
 Contingency table for Rh2m (%)
 Selection: ALL   1027 stations
Period: 20190701-20190729
Used {06} + 00 01 ... 24
 Limits    30.00000       50.00000       65.00000       75.00000    
   85.00000       95.00000       100.0000    
 Each class is data <= limit, the very last > last limit
 Total number of values      712314
                                              OBSERVATION
                                   1509     2061       71       14        2        1        0        0 |      3658
                                   2270    51909    21641     2572      896      353       50        0 |     79691
                                    337    20565    67776    33486    11640     4248      758        0 |    138810
                  iobs_0km_ref       42     3150    24916    46860    36338    13849     2696        0 |    127851
                                     10     1031     8521    26928    58095    41175     8689        0 |    144449
                                      6      400     3130     9221    32172    71170    28832        0 |    144931
                                      0       45      536     1739     6377    26455    33872        0 |     69024
                                      0        1       18       70      313     1034     2464        0 |      3900
 
                    SUM            4174    79162   126609   120890   145833   158285    77361        0 |    712314
                                              OBSERVATION
                                   1492     2149       62       13        2        1        0        0 |      3719
                                   2328    51636    21372     2696      947      353       42        0 |     79374
                                    305    20742    67485    32907    11543     4309      778        0 |    138069
             iobs_0km_sigmao80       38     3147    25231    46747    36050    13942     2648        0 |    127803
                                      8     1025     8695    27274    57992    40630     8458        0 |    144082
                                      2      418     3240     9547    32670    71483    28793        0 |    146153
                                      1       43      506     1653     6329    26552    34125        0 |     69209
                                      0        2       18       53      300     1015     2517        0 |      3905
 
                    SUM            4174    79162   126609   120890   145833   158285    77361        0 |    712314
                                              OBSERVATION
                                   1464     2129       67       10        1        2        0        0 |      3673
                                   2344    51709    21481     2663      936      372       41        0 |     79546
                                    318    20696    67484    32933    11548     4216      770        0 |    137965
            iobs_0km_sigmao120       35     3119    25136    46857    36217    13900     2712        0 |    127976
                                     11     1061     8752    27367    58033    40828     8612        0 |    144664
                                      1      410     3178     9368    32450    71190    28732        0 |    145329
                                      1       36      489     1624     6333    26753    34010        0 |     69246
                                      0        2       22       68      315     1024     2484        0 |      3915
 
                    SUM            4174    79162   126609   120890   145833   158285    77361        0 |    712314
 
