 <pre>
 
 Contingency table for Cloud cover (octas)
 Selection: Sweden    100 stations
Period: 20190701-20190729
Used {18} + 00 01 ... 24
 Limits   0.5000000       1.500000       2.500000       3.500000    
   4.500000       5.500000       6.500000       7.500000    
 Each class is data <= limit, the very last > last limit
 Total number of values       64954
                                                       OBSERVATION
                                  11689     1246      687      517      488      456      395      599     1604 |     17681
                                   1713      312      201      187      162      191      185      279      827 |      4057
                                    980      192      125      104      116      134      123      196      575 |      2545
                                    836      154      128       98      104       98      119      188      509 |      2234
                  iobs_0km_ref      741      157      116      106       97      130      120      218      512 |      2197
                                    784      143      137       97      116      124      137      200      540 |      2278
                                    994      204      149      164      129      147      153      277      765 |      2982
                                   1544      278      203      225      248      257      268      477     1290 |      4790
                                   3797     1173      843      933      876     1111     1236     2685    13536 |     26190
 
                    SUM           23078     3859     2589     2431     2336     2648     2736     5119    20158 |     64954
                                                       OBSERVATION
                                  11885     1263      676      523      479      434      382      581     1633 |     17856
                                   1634      291      218      190      182      208      198      279      789 |      3989
                                    985      204      120      113      103      107      113      196      532 |      2473
                                    849      164      131       89      104       95      121      202      494 |      2249
             iobs_0km_sigmao80      734      175      110      107       93      118      116      198      502 |      2153
                                    777      154      119      113      116      152      140      210      570 |      2351
                                    960      189      167      156      122      173      164      280      777 |      2988
                                   1525      317      217      211      220      262      268      488     1345 |      4853
                                   3729     1102      831      929      917     1099     1234     2685    13516 |     26042
 
                    SUM           23078     3859     2589     2431     2336     2648     2736     5119    20158 |     64954
                                                       OBSERVATION
                                  11643     1260      678      527      479      442      382      567     1566 |     17544
                                   1675      326      211      184      174      205      204      277      812 |      4068
                                   1051      200      146      120       98      124      119      218      570 |      2646
                                    820      159      112      105       93      123      126      183      511 |      2232
            iobs_0km_sigmao120      783      142      124       87       97      107      137      215      524 |      2216
                                    816      161      122      114      118      127      131      230      556 |      2375
                                    920      189      152      136      154      168      162      277      775 |      2933
                                   1576      298      216      230      223      246      235      449     1340 |      4813
                                   3794     1124      828      928      900     1106     1240     2703    13504 |     26127
 
                    SUM           23078     3859     2589     2431     2336     2648     2736     5119    20158 |     64954
 
