 <pre>
 
 Contingency table for Rh2m (%)
 Selection: ALL   1027 stations
Period: 20190701-20190729
Used {00} + 00 01 ... 24
 Limits    30.00000       50.00000       65.00000       75.00000    
   85.00000       95.00000       100.0000    
 Each class is data <= limit, the very last > last limit
 Total number of values      717868
                                              OBSERVATION
                                   1508     2143       72       10        2        1        0        0 |      3736
                                   2293    51387    21222     2595      912      381       51        0 |     78841
                                    313    20576    66310    32190    11250     4185      712        0 |    135536
                  iobs_0km_ref       47     3274    24306    46034    35512    13279     2339        0 |    124791
                                      8     1109     8602    26404    58613    41516     8080        0 |    144332
                                      5      449     3409     9200    32430    75626    30924        0 |    152043
                                      0       39      585     1802     6617    27789    37662        0 |     74494
                                      0        0       15       65      315     1057     2643        0 |      4095
 
                    SUM            4174    78977   124521   118300   145651   163834    82411        0 |    717868
                                              OBSERVATION
                                   1526     2179       62       14        2        3        0        0 |      3786
                                   2290    51277    21165     2675      969      431       54        0 |     78861
                                    305    20691    66001    32048    11189     4144      767        0 |    135145
             iobs_0km_sigmao80       36     3204    24518    45562    35250    13251     2287        0 |    124108
                                      9     1107     8759    26599    58471    41355     8026        0 |    144326
                                      6      471     3451     9598    32928    75632    30619        0 |    152705
                                      2       47      551     1753     6546    27973    37971        0 |     74843
                                      0        1       14       51      296     1045     2687        0 |      4094
 
                    SUM            4174    78977   124521   118300   145651   163834    82411        0 |    717868
                                              OBSERVATION
                                   1480     2149       68       11        1        3        0        0 |      3712
                                   2327    51271    21291     2709      952      418       55        0 |     79023
                                    312    20679    65919    31866    11201     4179      729        0 |    134885
            iobs_0km_sigmao120       35     3221    24519    45880    35219    13109     2335        0 |    124318
                                     12     1127     8789    26579    58707    41303     8088        0 |    144605
                                      8      483     3391     9461    32741    75816    30569        0 |    152469
                                      0       46      523     1737     6504    27986    37943        0 |     74739
                                      0        1       21       57      326     1020     2692        0 |      4117
 
                    SUM            4174    78977   124521   118300   145651   163834    82411        0 |    717868
 
