 <pre>
 
 Contingency table for Rh2m (%)
 Selection: Finland    130 stations
Period: 20190701-20190729
Used {00} + 00 01 ... 24
 Limits    30.00000       50.00000       65.00000       75.00000    
   85.00000       95.00000       100.0000    
 Each class is data <= limit, the very last > last limit
 Total number of values       92491
                                              OBSERVATION
                                     39      205        0        0        0        0        0        0 |       244
                                    295     8032     3068      366      118       29        7        0 |     11915
                                     40     3111     8550     4368     1500      546      128        0 |     18243
                  iobs_0km_ref        5      551     3328     5468     4293     1645      499        0 |     15789
                                      0      172     1196     3347     6981     5201     1516        0 |     18413
                                      0       41      456     1070     3750     8059     4783        0 |     18159
                                      0        5       94      244      726     2763     5138        0 |      8970
                                      0        0        6       18       68      184      482        0 |       758
 
                    SUM             379    12117    16698    14881    17436    18427    12553        0 |     92491
                                              OBSERVATION
                                     41      241        2        1        0        0        0        0 |       285
                                    290     7975     3080      374      128       42        8        0 |     11897
                                     44     3123     8561     4418     1556      592      145        0 |     18439
             iobs_0km_sigmao80        2      540     3298     5414     4269     1639      493        0 |     15655
                                      1      180     1221     3292     6898     5149     1516        0 |     18257
                                      1       52      435     1140     3824     8018     4627        0 |     18097
                                      0        5       94      222      691     2795     5246        0 |      9053
                                      0        1        7       20       70      192      518        0 |       808
 
                    SUM             379    12117    16698    14881    17436    18427    12553        0 |     92491
                                              OBSERVATION
                                     33      245        3        0        0        0        0        0 |       281
                                    292     7937     3123      390      132       40        9        0 |     11923
                                     46     3134     8453     4320     1469      554      135        0 |     18111
            iobs_0km_sigmao120        5      550     3344     5412     4284     1598      492        0 |     15685
                                      3      190     1226     3358     6937     5133     1568        0 |     18415
                                      0       53      443     1143     3810     7979     4537        0 |     17965
                                      0        7       94      233      710     2926     5337        0 |      9307
                                      0        1       12       25       94      197      475        0 |       804
 
                    SUM             379    12117    16698    14881    17436    18427    12553        0 |     92491
 
