 <pre>
 
 Contingency table for Rh2m (%)
 Selection: Finland    130 stations
Period: 20190701-20190729
Used {21} + 00 01 02 03
 Limits    30.00000       50.00000       65.00000       75.00000    
   85.00000       95.00000       100.0000    
 Each class is data <= limit, the very last > last limit
 Total number of values       14660
                                              OBSERVATION
                                      0        0        0        0        0        0        0        0 |         0
                                      0       16      115       47       18        2        0        0 |       198
                                      0       23      419      517      307      145       33        0 |      1444
                  iobs_0km_ref        2        9      216      795      827      441      113        0 |      2403
                                      0        8      101      417     1352     1335      398        0 |      3611
                                      0        1       47      137      664     1956     1469        0 |      4274
                                      0        0       10       22      102      716     1711        0 |      2561
                                      0        0        0        3       14       38      114        0 |       169
 
                    SUM               2       57      908     1938     3284     4633     3838        0 |     14660
                                              OBSERVATION
                                      0        0        0        0        0        0        0        0 |         0
                                      0       18      133       62       26        4        0        0 |       243
                                      2       24      383      520      293      144       28        0 |      1394
             iobs_0km_sigmao80        0        7      232      752      852      442      116        0 |      2401
                                      0        7      105      439     1298     1355      428        0 |      3632
                                      0        1       44      142      701     1897     1408        0 |      4193
                                      0        0       11       20      110      748     1740        0 |      2629
                                      0        0        0        3        4       43      118        0 |       168
 
                    SUM               2       57      908     1938     3284     4633     3838        0 |     14660
                                              OBSERVATION
                                      0        0        0        0        0        0        0        0 |         0
                                      0       20      126       51       24        3        0        0 |       224
                                      0       20      393      534      287      129       29        0 |      1392
            iobs_0km_sigmao120        2        9      224      732      834      459      122        0 |      2382
                                      0        8      109      437     1336     1303      407        0 |      3600
                                      0        0       46      157      689     1910     1467        0 |      4269
                                      0        0       10       24      106      791     1710        0 |      2641
                                      0        0        0        3        8       38      103        0 |       152
 
                    SUM               2       57      908     1938     3284     4633     3838        0 |     14660
 
