 <pre>
 
 Contingency table for Rh2m (%)
 Selection: ALL   1026 stations
Period: 20190701-20190729
Used {15} + 00 01 02 03
 Limits    30.00000       50.00000       65.00000       75.00000    
   85.00000       95.00000       100.0000    
 Each class is data <= limit, the very last > last limit
 Total number of values      115426
                                              OBSERVATION
                                    678      631       20        2        0        0        0        0 |      1331
                                    942    17643     5784      553      177       61        4        0 |     25164
                                    136     6475    16751     6071     1594      497       46        0 |     31570
                  iobs_0km_ref        7      885     5407     8005     4374     1263      144        0 |     20085
                                      1      285     1698     4389     7743     3435      445        0 |     17996
                                      0      120      695     1351     4179     6280     1474        0 |     14099
                                      0       12       84      212      722     2181     1632        0 |      4843
                                      0        0        3       14       34      124      163        0 |       338
 
                    SUM            1764    26051    30442    20597    18823    13841     3908        0 |    115426
                                              OBSERVATION
                                    709      738       18        2        0        0        0        0 |      1467
                                    961    17759     5902      570      204       71        5        0 |     25472
                                     88     6315    16392     5982     1522      529       52        0 |     30880
             iobs_0km_sigmao80        4      864     5582     7948     4382     1214      141        0 |     20135
                                      2      248     1766     4473     7707     3321      426        0 |     17943
                                      0      117      690     1400     4279     6397     1452        0 |     14335
                                      0       10       89      213      699     2202     1655        0 |      4868
                                      0        0        3        9       30      107      177        0 |       326
 
                    SUM            1764    26051    30442    20597    18823    13841     3908        0 |    115426
                                              OBSERVATION
                                    685      689       19        2        0        0        0        0 |      1395
                                    968    17722     5879      582      193       74        5        0 |     25423
                                    105     6416    16511     5979     1522      526       52        0 |     31111
            iobs_0km_sigmao120        2      847     5522     7883     4453     1191      139        0 |     20037
                                      3      271     1732     4527     7627     3373      442        0 |     17975
                                      1      101      698     1394     4283     6367     1488        0 |     14332
                                      0        5       77      216      710     2200     1613        0 |      4821
                                      0        0        4       14       35      110      169        0 |       332
 
                    SUM            1764    26051    30442    20597    18823    13841     3908        0 |    115426
 
