 <pre>
 
 Contingency table for Rh2m (%)
 Selection: Sweden    174 stations
Period: 20190701-20190729
Used {12} + 00 01 ... 24
 Limits    30.00000       50.00000       65.00000       75.00000    
   85.00000       95.00000       100.0000    
 Each class is data <= limit, the very last > last limit
 Total number of values      119707
                                              OBSERVATION
                                     79      196        8        0        0        0        0        0 |       283
                                    634    10487     4286      511      150       75       12        0 |     16155
                                    113     4889    12214     5262     1843      699      163        0 |     25183
                  iobs_0km_ref        8      734     4566     6886     5102     2136      499        0 |     19931
                                      1      246     1877     4959     8650     5940     1696        0 |     23369
                                      0      129      777     2089     5623     9295     4877        0 |     22790
                                      0       18      183      533     1779     3642     5110        0 |     11265
                                      0        0        3       10       74      198      446        0 |       731
 
                    SUM             835    16699    23914    20250    23221    21985    12803        0 |    119707
                                              OBSERVATION
                                    108      205        9        0        0        0        0        0 |       322
                                    622    10722     4478      556      197       84       16        0 |     16675
                                     97     4730    12041     5257     1792      733      165        0 |     24815
             iobs_0km_sigmao80        5      691     4637     6874     5193     2177      545        0 |     20122
                                      2      222     1839     5003     8633     5776     1753        0 |     23228
                                      1      111      759     2049     5507     9396     4844        0 |     22667
                                      0       18      148      505     1832     3631     5041        0 |     11175
                                      0        0        3        6       67      188      439        0 |       703
 
                    SUM             835    16699    23914    20250    23221    21985    12803        0 |    119707
                                              OBSERVATION
                                     91      188       12        0        0        0        0        0 |       291
                                    644    10761     4457      570      191       82       15        0 |     16720
                                     93     4746    12046     5169     1862      743      171        0 |     24830
            iobs_0km_sigmao120        4      677     4731     6900     5060     2194      521        0 |     20087
                                      1      213     1731     4989     8684     5797     1723        0 |     23138
                                      2      102      794     2118     5582     9302     4896        0 |     22796
                                      0       12      140      494     1782     3668     5053        0 |     11149
                                      0        0        3       10       60      199      424        0 |       696
 
                    SUM             835    16699    23914    20250    23221    21985    12803        0 |    119707
 
