 <pre>
 
 Contingency table for Cloud cover (octas)
 Selection: Finland     68 stations
Period: 20190701-20190729
Used {00} + 00 01 ... 24
 Limits   0.5000000       1.500000       2.500000       3.500000    
   4.500000       5.500000       6.500000       7.500000    
 Each class is data <= limit, the very last > last limit
 Total number of values       49145
                                                       OBSERVATION
                                  10093     1309      291      416      167      296      156      640      283 |     13651
                                   1213      260       99      145       64      136       66      347      149 |      2479
                                    686      189       50       96       49       88       46      240      106 |      1550
                                    599      153       50       92       32       72       39      245      115 |      1397
                  iobs_0km_ref      521      163       45      118       41       97       48      260      120 |      1413
                                    530      170       46       93       49      117       65      308      136 |      1514
                                    628      196       59      143       69      130       68      439      188 |      1920
                                    941      306      103      168      104      235      118      809      417 |      3201
                                   2411     1126      361      811      434     1148      648     7109     7972 |     22020
 
                    SUM           17622     3872     1104     2082     1009     2319     1254    10397     9486 |     49145
                                                       OBSERVATION
                                  10029     1314      313      412      166      306      150      659      282 |     13631
                                   1306      300       87      154       57      140       68      372      156 |      2640
                                    736      183       40       94       48       89       26      252      104 |      1572
                                    565      159       53       87       50       93       33      218      111 |      1369
             iobs_0km_sigmao80      568      145       49      103       40       84       54      283      120 |      1446
                                    515      158       54      116       50       98       74      322      155 |      1542
                                    606      199       61      120       73      126       67      396      222 |      1870
                                    903      294       87      192       91      232      112      746      399 |      3056
                                   2394     1120      360      804      434     1151      670     7149     7937 |     22019
 
                    SUM           17622     3872     1104     2082     1009     2319     1254    10397     9486 |     49145
                                                       OBSERVATION
                                  10003     1345      305      421      183      307      148      653      273 |     13638
                                   1244      253       90      166       56      128       69      353      156 |      2515
                                    721      172       55       91       45      100       49      258      106 |      1597
                                    536      149       51       78       37       75       47      223       93 |      1289
            iobs_0km_sigmao120      562      165       61      101       35       98       53      261      126 |      1462
                                    570      179       34       99       50      107       51      294      149 |      1533
                                    635      186       61      126       77      112       60      419      214 |      1890
                                    912      308       90      211       98      246      113      785      421 |      3184
                                   2439     1115      357      789      428     1146      664     7151     7948 |     22037
 
                    SUM           17622     3872     1104     2082     1009     2319     1254    10397     9486 |     49145
 
