 <pre>
 
 Contingency table for Cloud cover (octas)
 Selection: Sweden    100 stations
Period: 20190701-20190729
Used {00} + 00 01 ... 24
 Limits   0.5000000       1.500000       2.500000       3.500000    
   4.500000       5.500000       6.500000       7.500000    
 Each class is data <= limit, the very last > last limit
 Total number of values       66517
                                                       OBSERVATION
                                  11815     1295      714      551      491      484      412      606     1637 |     18005
                                   1764      285      220      193      169      180      198      300      844 |      4153
                                    981      182      124      123      108      103      123      229      566 |      2539
                                    785      188      120      100      113      122      133      190      498 |      2249
                  iobs_0km_ref      733      136      113      114       98      127      119      206      516 |      2162
                                    826      162      116      125      107      141      136      237      590 |      2440
                                   1059      195      168      147      121      155      166      275      731 |      3017
                                   1640      290      218      226      223      235      220      463     1348 |      4863
                                   3853     1191      824      934      965     1171     1300     2773    14078 |     27089
 
                    SUM           23456     3924     2617     2513     2395     2718     2807     5279    20808 |     66517
                                                       OBSERVATION
                                  11794     1246      727      534      475      437      393      586     1641 |     17833
                                   1734      356      209      204      181      194      196      293      834 |      4201
                                   1003      195      146      133      127      154      129      212      576 |      2675
                                    802      160      111      117      105      121      118      213      499 |      2246
             iobs_0km_sigmao80      798      143      124      123      108      129      131      215      544 |      2315
                                    784      169      112       95       92      140      144      211      577 |      2324
                                   1041      213      162      155      137      142      164      295      763 |      3072
                                   1668      325      207      226      206      259      302      479     1348 |      5020
                                   3832     1117      819      926      964     1142     1230     2775    14026 |     26831
 
                    SUM           23456     3924     2617     2513     2395     2718     2807     5279    20808 |     66517
                                                       OBSERVATION
                                  11751     1305      719      529      496      428      414      596     1592 |     17830
                                   1729      311      201      184      165      219      183      280      875 |      4147
                                    946      179      153      119      121      140      145      212      606 |      2621
                                    817      152      121      122      111      113      125      191      515 |      2267
            iobs_0km_sigmao120      769      150      131      127       92      111      115      210      507 |      2212
                                    830      172      121      120      100      157      139      246      623 |      2508
                                   1073      194      143      142      129      151      161      304      727 |      3024
                                   1648      322      209      211      235      252      251      446     1319 |      4893
                                   3893     1139      819      959      946     1147     1274     2794    14044 |     27015
 
                    SUM           23456     3924     2617     2513     2395     2718     2807     5279    20808 |     66517
 
