 <pre>
 
 Contingency table for Rh2m (%)
 Selection: Finland    130 stations
Period: 20190701-20190729
Used {18} + 00 01 ... 24
 Limits    30.00000       50.00000       65.00000       75.00000    
   85.00000       95.00000       100.0000    
 Each class is data <= limit, the very last > last limit
 Total number of values       90208
                                              OBSERVATION
                                     41      212        5        0        0        0        0        0 |       258
                                    290     8174     3366      383      102       23        5        0 |     12343
                                     46     3204     8849     4769     1639      584      165        0 |     19256
                  iobs_0km_ref        4      617     3225     5399     4444     1726      472        0 |     15887
                                      0      180     1199     3043     6679     5123     1557        0 |     17781
                                      1       59      421      977     3236     7267     4309        0 |     16270
                                      0        5       75      213      640     2403     4416        0 |      7752
                                      0        0        6       16       77      175      387        0 |       661
 
                    SUM             382    12451    17146    14800    16817    17301    11311        0 |     90208
                                              OBSERVATION
                                     41      255        5        1        0        0        0        0 |       302
                                    294     8181     3383      435      128       31        5        0 |     12457
                                     43     3163     8769     4662     1647      589      161        0 |     19034
             iobs_0km_sigmao80        4      636     3308     5354     4376     1702      459        0 |     15839
                                      0      159     1201     3169     6610     5126     1609        0 |     17874
                                      0       48      389      990     3377     7188     4126        0 |     16118
                                      0        8       83      174      629     2488     4526        0 |      7908
                                      0        1        8       15       50      177      425        0 |       676
 
                    SUM             382    12451    17146    14800    16817    17301    11311        0 |     90208
                                              OBSERVATION
                                     39      248        1        0        0        0        0        0 |       288
                                    292     8105     3403      437      135       25        7        0 |     12404
                                     45     3231     8723     4620     1582      592      142        0 |     18935
            iobs_0km_sigmao120        5      619     3318     5396     4403     1738      475        0 |     15954
                                      0      187     1210     3085     6641     5060     1545        0 |     17728
                                      1       56      394     1042     3333     7149     4303        0 |     16278
                                      0        5       88      198      642     2561     4484        0 |      7978
                                      0        0        9       22       81      176      355        0 |       643
 
                    SUM             382    12451    17146    14800    16817    17301    11311        0 |     90208
 
