 <pre>
 
 Contingency table for Rh2m (%)
 Selection: Finland    130 stations
Period: 20190701-20190729
Used {12} + 00 01 ... 24
 Limits    30.00000       50.00000       65.00000       75.00000    
   85.00000       95.00000       100.0000    
 Each class is data <= limit, the very last > last limit
 Total number of values       90976
                                              OBSERVATION
                                     60      222        2        0        0        0        0        0 |       284
                                    330     9081     3463      406      139       30        8        0 |     13457
                                     41     3213     8884     4606     1645      621      150        0 |     19160
                  iobs_0km_ref        8      515     3151     5261     4336     1703      480        0 |     15454
                                      1      151     1181     3174     6569     5093     1553        0 |     17722
                                      0       55      470     1012     3395     7086     4265        0 |     16283
                                      0        3       98      222      647     2562     4456        0 |      7988
                                      0        0        1       21       56      157      393        0 |       628
 
                    SUM             440    13240    17250    14702    16787    17252    11305        0 |     90976
                                              OBSERVATION
                                     53      263        5        0        0        0        0        0 |       321
                                    339     8972     3408      430      155       44        6        0 |     13354
                                     44     3220     8758     4568     1685      637      170        0 |     19082
             iobs_0km_sigmao80        4      532     3271     5167     4174     1761      480        0 |     15389
                                      0      191     1222     3227     6475     4880     1565        0 |     17560
                                      0       57      477     1071     3540     7113     4056        0 |     16314
                                      0        5      104      224      711     2647     4566        0 |      8257
                                      0        0        5       15       47      170      462        0 |       699
 
                    SUM             440    13240    17250    14702    16787    17252    11305        0 |     90976
                                              OBSERVATION
                                     47      248        3        0        0        0        0        0 |       298
                                    337     8924     3422      421      154       30        5        0 |     13293
                                     49     3285     8775     4532     1620      635      161        0 |     19057
            iobs_0km_sigmao120        5      528     3238     5161     4250     1741      497        0 |     15420
                                      1      191     1221     3213     6439     4917     1574        0 |     17556
                                      1       57      480     1119     3547     7109     4142        0 |     16455
                                      0        6      105      233      698     2650     4487        0 |      8179
                                      0        1        6       23       79      170      439        0 |       718
 
                    SUM             440    13240    17250    14702    16787    17252    11305        0 |     90976
 
