 <pre>
 
 Contingency table for Cloud cover (octas)
 Selection: ALL    539 stations
Period: 20190701-20190729
Used {21} + 00 01 02 03
 Limits   0.5000000       1.500000       2.500000       3.500000    
   4.500000       5.500000       6.500000       7.500000    
 Each class is data <= limit, the very last > last limit
 Total number of values       58744
                                                       OBSERVATION
                                   9907     1494     1178      681      422      560      589      939      989 |     16759
                                   1194      258      300      222      143      219      248      461      484 |      3529
                                    637      125      146       96       76      118      162      288      387 |      2035
                                    529      112      136      100       57      111      119      225      280 |      1669
                  iobs_0km_ref      484      108      125       93       52      116      136      262      328 |      1704
                                    483      107      124      114       73      117      138      261      338 |      1755
                                    633      139      176      110       95      130      188      386      468 |      2325
                                    874      201      234      217      142      223      338      664      886 |      3779
                                   1965      613      726      723      472     1019     1603     5841    12227 |     25189
 
                    SUM           16706     3157     3145     2356     1532     2613     3521     9327    16387 |     58744
                                                       OBSERVATION
                                  10010     1531     1175      702      415      557      609      917     1023 |     16939
                                   1138      273      305      194      131      212      237      431      496 |      3417
                                    627      115      155      115       84      133      177      251      342 |      1999
                                    544       97      134       95       64      104      138      277      337 |      1790
             iobs_0km_sigmao80      483      108      123       93       59      100      118      256      306 |      1646
                                    450      114      119      114       67      117      137      271      352 |      1741
                                    577      116      138      115       90      155      184      350      472 |      2197
                                    881      175      257      211      143      216      297      693      883 |      3756
                                   1996      628      739      717      479     1019     1624     5881    12176 |     25259
 
                    SUM           16706     3157     3145     2356     1532     2613     3521     9327    16387 |     58744
                                                       OBSERVATION
                                   9924     1483     1132      675      417      571      622      926      968 |     16718
                                   1161      260      292      206      128      206      236      420      487 |      3396
                                    638      119      189      123       68      121      139      276      371 |      2044
                                    550      117      134      100       54       92      158      241      306 |      1752
            iobs_0km_sigmao120      502      109      121      101       56      104      140      232      324 |      1689
                                    457      123      107       93       91      115      146      311      355 |      1798
                                    626      111      165      125       86      146      163      325      446 |      2193
                                    864      207      256      212      152      233      329      735      911 |      3899
                                   1984      628      749      721      480     1025     1588     5861    12219 |     25255
 
                    SUM           16706     3157     3145     2356     1532     2613     3521     9327    16387 |     58744
 
