 <pre>
 
 Contingency table for Rh2m (%)
 Selection: ALL   1027 stations
Period: 20190701-20190729
Used {12} + 00 01 ... 24
 Limits    30.00000       50.00000       65.00000       75.00000    
   85.00000       95.00000       100.0000    
 Each class is data <= limit, the very last > last limit
 Total number of values      706392
                                              OBSERVATION
                                   1623     1960       53        8        0        1        0        0 |      3645
                                   2541    57258    23285     2711      965      353       37        0 |     87150
                                    358    21894    68957    33393    11764     4297      742        0 |    141405
                  iobs_0km_ref       45     3168    24202    45068    35354    13800     2438        0 |    124075
                                     11     1070     8569    25989    55685    39612     8419        0 |    139355
                                      1      471     3325     9052    30633    69019    28319        0 |    140820
                                      0       43      513     1664     5958    25123    32901        0 |     66202
                                      0        0        8       79      271      977     2405        0 |      3740
 
                    SUM            4579    85864   128912   117964   140630   153182    75261        0 |    706392
                                              OBSERVATION
                                   1643     2091       59        7        0        0        0        0 |      3800
                                   2586    57266    23382     2856     1057      399       51        0 |     87597
                                    310    21828    68345    33181    11638     4309      774        0 |    140385
             iobs_0km_sigmao80       27     3101    24646    45004    35244    13826     2521        0 |    124369
                                     11     1077     8636    26082    55386    39262     8299        0 |    138753
                                      2      452     3355     9144    31103    69291    28057        0 |    141404
                                      0       49      477     1641     5963    25145    33127        0 |     66402
                                      0        0       12       49      239      950     2432        0 |      3682
 
                    SUM            4579    85864   128912   117964   140630   153182    75261        0 |    706392
                                              OBSERVATION
                                   1602     2020       58        5        0        0        0        0 |      3685
                                   2611    57342    23390     2862     1044      383       46        0 |     87678
                                    324    21876    68688    33127    11586     4379      773        0 |    140753
            iobs_0km_sigmao120       25     3081    24521    45095    35268    13689     2517        0 |    124196
                                     10     1097     8427    26017    55604    39550     8360        0 |    139065
                                      7      408     3357     9190    30907    69001    28239        0 |    141109
                                      0       38      456     1615     5943    25233    32910        0 |     66195
                                      0        2       15       53      278      947     2416        0 |      3711
 
                    SUM            4579    85864   128912   117964   140630   153182    75261        0 |    706392
 
