 <pre>
 
 Contingency table for Cloud cover (octas)
 Selection: ALL    593 stations
Period: 20190701-20190729
Used {00} + 00 01 ... 24
 Limits   0.5000000       1.500000       2.500000       3.500000    
   4.500000       5.500000       6.500000       7.500000    
 Each class is data <= limit, the very last > last limit
 Total number of values      385447
                                                       OBSERVATION
                                  48300    10500     8107     5391     3166     4079     4553     5564     5423 |     95083
                                   5737     1749     1798     1618     1087     1663     2152     3084     2771 |     21659
                                   3193     1025     1014     1010      695     1050     1534     2203     2029 |     13753
                                   2612      853      863      847      644      927     1319     2025     1856 |     11946
                  iobs_0km_ref     2399      824      840      880      663      980     1501     2141     1984 |     12212
                                   2445      835      814      828      672     1020     1580     2523     2311 |     13028
                                   2934     1021      955     1024      823     1328     1875     3292     3058 |     16310
                                   4557     1474     1345     1458     1214     1903     2943     5901     5603 |     26398
                                  10719     4812     4151     4964     3998     7736    14090    46853    77735 |    175058
 
                    SUM           82896    23093    19887    18020    12962    20686    31547    73586   102770 |    385447
                                                       OBSERVATION
                                  48299    10525     8247     5459     3152     4088     4532     5610     5440 |     95352
                                   5825     1802     1730     1597     1125     1644     2153     3098     2890 |     21864
                                   3263     1036     1080      978      739     1082     1484     2197     2069 |     13928
                                   2580      831      847      842      631      948     1318     2006     1861 |     11864
             iobs_0km_sigmao80     2410      771      823      902      643      910     1448     2198     1974 |     12079
                                   2375      868      827      867      665     1052     1544     2459     2303 |     12960
                                   2974     1038      921     1009      830     1250     1863     3240     3062 |     16187
                                   4466     1514     1313     1450     1163     1977     3103     5831     5739 |     26556
                                  10704     4708     4099     4916     4014     7735    14102    46947    77432 |    174657
 
                    SUM           82896    23093    19887    18020    12962    20686    31547    73586   102770 |    385447
                                                       OBSERVATION
                                  48250    10611     8153     5405     3161     4062     4582     5562     5341 |     95127
                                   5746     1756     1781     1602     1094     1619     2120     3167     2879 |     21764
                                   3151      976     1026      984      745     1072     1464     2196     2159 |     13773
                                   2554      808      848      853      644      901     1312     1969     1860 |     11749
            iobs_0km_sigmao120     2437      812      845      868      589      942     1477     2195     1988 |     12153
                                   2503      855      836      888      691     1112     1620     2425     2280 |     13210
                                   3070      987      921     1032      853     1265     1980     3367     3027 |     16502
                                   4460     1548     1324     1539     1170     2002     3005     5731     5653 |     26432
                                  10725     4740     4153     4849     4015     7711    13987    46974    77583 |    174737
 
                    SUM           82896    23093    19887    18020    12962    20686    31547    73586   102770 |    385447
 
